streamId,location,timestamp,Latency,Age,Frequency,Completeness
http://ict-citypulse.eu/SensorID-eb78c0d2-9882-4da1-92e5-84b1eaaf6616,POINT (56.2025111722 10.2507861399),1407046200,1.0,1.0,1.0,1.0
http://ict-citypulse.eu/SensorID-eb78c0d2-9882-4da1-92e5-84b1eaaf6616,POINT (56.2025111722 10.2507861399),1407046800,1.0,1.0,1.0,1.0
http://ict-citypulse.eu/SensorID-eb78c0d2-9882-4da1-92e5-84b1eaaf6616,POINT (56.2025111722 10.2507861399),1407046800,1.0,1.0,1.0,1.0
http://ict-citypulse.eu/SensorID-eb78c0d2-9882-4da1-92e5-84b1eaaf6616,POINT (56.2025111722 10.2507861399),1407047100,1.0,1.0,1.0,1.0
http://ict-citypulse.eu/SensorID-eb78c0d2-9882-4da1-92e5-84b1eaaf6616,POINT (56.2025111722 10.2507861399),1407047400,1.0,1.0,1.0,1.0
http://ict-citypulse.eu/SensorID-eb78c0d2-9882-4da1-92e5-84b1eaaf6616,POINT (56.2025111722 10.2507861399),1407048000,1.0,1.0,1.0,1.0
http://ict-citypulse.eu/SensorID-eb78c0d2-9882-4da1-92e5-84b1eaaf6616,POINT (56.2025111722 10.2507861399),1407048000,1.0,1.0,1.0,1.0
http://ict-citypulse.eu/SensorID-eb78c0d2-9882-4da1-92e5-84b1eaaf6616,POINT (56.2025111722 10.2507861399),1407048300,1.0,1.0,1.0,1.0
http://ict-citypulse.eu/SensorID-eb78c0d2-9882-4da1-92e5-84b1eaaf6616,POINT (56.2025111722 10.2507861399),1407048900,1.0,1.0,1.0,1.0
http://ict-citypulse.eu/SensorID-eb78c0d2-9882-4da1-92e5-84b1eaaf6616,POINT (56.2025111722 10.2507861399),1407049200,1.0,1.0,1.0,1.0
http://ict-citypulse.eu/SensorID-eb78c0d2-9882-4da1-92e5-84b1eaaf6616,POINT (56.2025111722 10.2507861399),1407049200,1.0,1.0,1.0,1.0
http://ict-citypulse.eu/SensorID-eb78c0d2-9882-4da1-92e5-84b1eaaf6616,POINT (56.2025111722 10.2507861399),1407049500,1.0,1.0,1.0,1.0
http://ict-citypulse.eu/SensorID-eb78c0d2-9882-4da1-92e5-84b1eaaf6616,POINT (56.2025111722 10.2507861399),1407049800,1.0,1.0,1.0,1.0
http://ict-citypulse.eu/SensorID-eb78c0d2-9882-4da1-92e5-84b1eaaf6616,POINT (56.2025111722 10.2507861399),1407050100,1.0,1.0,1.0,1.0
http://ict-citypulse.eu/SensorID-eb78c0d2-9882-4da1-92e5-84b1eaaf6616,POINT (56.2025111722 10.2507861399),1407050400,1.0,1.0,1.0,1.0
http://ict-citypulse.eu/SensorID-eb78c0d2-9882-4da1-92e5-84b1eaaf6616,POINT (56.2025111722 10.2507861399),1407050700,1.0,1.0,1.0,1.0
http://ict-citypulse.eu/SensorID-eb78c0d2-9882-4da1-92e5-84b1eaaf6616,POINT (56.2025111722 10.2507861399),1407051000,1.0,1.0,1.0,1.0
http://ict-citypulse.eu/SensorID-eb78c0d2-9882-4da1-92e5-84b1eaaf6616,POINT (56.2025111722 10.2507861399),1407051300,1.0,1.0,1.0,1.0
http://ict-citypulse.eu/SensorID-eb78c0d2-9882-4da1-92e5-84b1eaaf6616,POINT (56.2025111722 10.2507861399),1407051600,1.0,1.0,1.0,1.0
http://ict-citypulse.eu/SensorID-eb78c0d2-9882-4da1-92e5-84b1eaaf6616,POINT (56.2025111722 10.2507861399),1407051900,1.0,1.0,1.0,1.0
http://ict-citypulse.eu/SensorID-eb78c0d2-9882-4da1-92e5-84b1eaaf6616,POINT (56.2025111722 10.2507861399),1407052200,1.0,1.0,1.0,1.0
http://ict-citypulse.eu/SensorID-eb78c0d2-9882-4da1-92e5-84b1eaaf6616,POINT (56.2025111722 10.2507861399),1407052500,1.0,1.0,1.0,1.0
http://ict-citypulse.eu/SensorID-eb78c0d2-9882-4da1-92e5-84b1eaaf6616,POINT (56.2025111722 10.2507861399),1407052800,1.0,1.0,1.0,1.0
http://ict-citypulse.eu/SensorID-eb78c0d2-9882-4da1-92e5-84b1eaaf6616,POINT (56.2025111722 10.2507861399),1407053100,1.0,1.0,1.0,1.0
http://ict-citypulse.eu/SensorID-eb78c0d2-9882-4da1-92e5-84b1eaaf6616,POINT (56.2025111722 10.2507861399),1407053400,1.0,1.0,1.0,1.0
http://ict-citypulse.eu/SensorID-eb78c0d2-9882-4da1-92e5-84b1eaaf6616,POINT (56.2025111722 10.2507861399),1407053700,1.0,1.0,1.0,1.0
http://ict-citypulse.eu/SensorID-eb78c0d2-9882-4da1-92e5-84b1eaaf6616,POINT (56.2025111722 10.2507861399),1407054000,1.0,1.0,1.0,1.0
http://ict-citypulse.eu/SensorID-eb78c0d2-9882-4da1-92e5-84b1eaaf6616,POINT (56.2025111722 10.2507861399),1407054300,1.0,1.0,1.0,1.0
http://ict-citypulse.eu/SensorID-eb78c0d2-9882-4da1-92e5-84b1eaaf6616,POINT (56.2025111722 10.2507861399),1407054900,1.0,1.0,1.0,1.0
http://ict-citypulse.eu/SensorID-eb78c0d2-9882-4da1-92e5-84b1eaaf6616,POINT (56.2025111722 10.2507861399),1407054900,1.0,1.0,1.0,1.0
http://ict-citypulse.eu/SensorID-eb78c0d2-9882-4da1-92e5-84b1eaaf6616,POINT (56.2025111722 10.2507861399),1407055500,1.0,1.0,1.0,1.0
http://ict-citypulse.eu/SensorID-eb78c0d2-9882-4da1-92e5-84b1eaaf6616,POINT (56.2025111722 10.2507861399),1407055800,1.0,1.0,1.0,1.0
http://ict-citypulse.eu/SensorID-eb78c0d2-9882-4da1-92e5-84b1eaaf6616,POINT (56.2025111722 10.2507861399),1407055800,1.0,1.0,1.0,1.0
http://ict-citypulse.eu/SensorID-eb78c0d2-9882-4da1-92e5-84b1eaaf6616,POINT (56.2025111722 10.2507861399),1407056400,1.0,1.0,1.0,1.0
http://ict-citypulse.eu/SensorID-eb78c0d2-9882-4da1-92e5-84b1eaaf6616,POINT (56.2025111722 10.2507861399),1407056400,1.0,1.0,1.0,1.0
http://ict-citypulse.eu/SensorID-eb78c0d2-9882-4da1-92e5-84b1eaaf6616,POINT (56.2025111722 10.2507861399),1407057000,1.0,1.0,1.0,1.0
http://ict-citypulse.eu/SensorID-eb78c0d2-9882-4da1-92e5-84b1eaaf6616,POINT (56.2025111722 10.2507861399),1407057000,1.0,1.0,1.0,1.0
http://ict-citypulse.eu/SensorID-eb78c0d2-9882-4da1-92e5-84b1eaaf6616,POINT (56.2025111722 10.2507861399),1407057300,1.0,1.0,1.0,1.0
http://ict-citypulse.eu/SensorID-eb78c0d2-9882-4da1-92e5-84b1eaaf6616,POINT (56.2025111722 10.2507861399),1407057900,1.0,1.0,1.0,1.0
http://ict-citypulse.eu/SensorID-eb78c0d2-9882-4da1-92e5-84b1eaaf6616,POINT (56.2025111722 10.2507861399),1407057900,1.0,1.0,1.0,1.0
http://ict-citypulse.eu/SensorID-eb78c0d2-9882-4da1-92e5-84b1eaaf6616,POINT (56.2025111722 10.2507861399),1407058200,1.0,1.0,1.0,1.0
http://ict-citypulse.eu/SensorID-eb78c0d2-9882-4da1-92e5-84b1eaaf6616,POINT (56.2025111722 10.2507861399),1407058500,1.0,1.0,1.0,1.0
http://ict-citypulse.eu/SensorID-eb78c0d2-9882-4da1-92e5-84b1eaaf6616,POINT (56.2025111722 10.2507861399),1407058800,1.0,1.0,1.0,1.0
http://ict-citypulse.eu/SensorID-eb78c0d2-9882-4da1-92e5-84b1eaaf6616,POINT (56.2025111722 10.2507861399),1407059100,1.0,1.0,1.0,1.0
http://ict-citypulse.eu/SensorID-eb78c0d2-9882-4da1-92e5-84b1eaaf6616,POINT (56.2025111722 10.2507861399),1407059400,1.0,1.0,1.0,1.0
http://ict-citypulse.eu/SensorID-eb78c0d2-9882-4da1-92e5-84b1eaaf6616,POINT (56.2025111722 10.2507861399),1407059700,1.0,1.0,1.0,1.0
http://ict-citypulse.eu/SensorID-eb78c0d2-9882-4da1-92e5-84b1eaaf6616,POINT (56.2025111722 10.2507861399),1407060000,1.0,1.0,1.0,1.0
http://ict-citypulse.eu/SensorID-eb78c0d2-9882-4da1-92e5-84b1eaaf6616,POINT (56.2025111722 10.2507861399),1407060300,1.0,1.0,1.0,1.0
http://ict-citypulse.eu/SensorID-eb78c0d2-9882-4da1-92e5-84b1eaaf6616,POINT (56.2025111722 10.2507861399),1407060900,1.0,1.0,1.0,1.0
http://ict-citypulse.eu/SensorID-eb78c0d2-9882-4da1-92e5-84b1eaaf6616,POINT (56.2025111722 10.2507861399),1407060900,1.0,1.0,1.0,1.0
http://ict-citypulse.eu/SensorID-eb78c0d2-9882-4da1-92e5-84b1eaaf6616,POINT (56.2025111722 10.2507861399),1407061200,1.0,1.0,1.0,1.0
http://ict-citypulse.eu/SensorID-eb78c0d2-9882-4da1-92e5-84b1eaaf6616,POINT (56.2025111722 10.2507861399),1407061500,1.0,1.0,1.0,1.0
http://ict-citypulse.eu/SensorID-eb78c0d2-9882-4da1-92e5-84b1eaaf6616,POINT (56.2025111722 10.2507861399),1407061800,1.0,1.0,1.0,1.0
http://ict-citypulse.eu/SensorID-eb78c0d2-9882-4da1-92e5-84b1eaaf6616,POINT (56.2025111722 10.2507861399),1407062400,1.0,1.0,1.0,1.0
http://ict-citypulse.eu/SensorID-eb78c0d2-9882-4da1-92e5-84b1eaaf6616,POINT (56.2025111722 10.2507861399),1407062400,1.0,1.0,1.0,1.0
http://ict-citypulse.eu/SensorID-eb78c0d2-9882-4da1-92e5-84b1eaaf6616,POINT (56.2025111722 10.2507861399),1407062700,1.0,1.0,1.0,1.0
http://ict-citypulse.eu/SensorID-eb78c0d2-9882-4da1-92e5-84b1eaaf6616,POINT (56.2025111722 10.2507861399),1407063000,1.0,1.0,1.0,1.0
http://ict-citypulse.eu/SensorID-eb78c0d2-9882-4da1-92e5-84b1eaaf6616,POINT (56.2025111722 10.2507861399),1407063300,1.0,1.0,1.0,1.0
http://ict-citypulse.eu/SensorID-eb78c0d2-9882-4da1-92e5-84b1eaaf6616,POINT (56.2025111722 10.2507861399),1407063900,1.0,1.0,1.0,1.0
http://ict-citypulse.eu/SensorID-eb78c0d2-9882-4da1-92e5-84b1eaaf6616,POINT (56.2025111722 10.2507861399),1407063900,1.0,1.0,1.0,1.0
http://ict-citypulse.eu/SensorID-eb78c0d2-9882-4da1-92e5-84b1eaaf6616,POINT (56.2025111722 10.2507861399),1407064200,1.0,1.0,1.0,1.0
http://ict-citypulse.eu/SensorID-eb78c0d2-9882-4da1-92e5-84b1eaaf6616,POINT (56.2025111722 10.2507861399),1407064800,1.0,1.0,1.0,1.0
http://ict-citypulse.eu/SensorID-eb78c0d2-9882-4da1-92e5-84b1eaaf6616,POINT (56.2025111722 10.2507861399),1407064800,1.0,1.0,1.0,1.0
http://ict-citypulse.eu/SensorID-eb78c0d2-9882-4da1-92e5-84b1eaaf6616,POINT (56.2025111722 10.2507861399),1407065100,1.0,1.0,1.0,1.0
http://ict-citypulse.eu/SensorID-eb78c0d2-9882-4da1-92e5-84b1eaaf6616,POINT (56.2025111722 10.2507861399),1407065400,1.0,1.0,1.0,1.0
http://ict-citypulse.eu/SensorID-eb78c0d2-9882-4da1-92e5-84b1eaaf6616,POINT (56.2025111722 10.2507861399),1407065700,1.0,1.0,1.0,1.0
http://ict-citypulse.eu/SensorID-eb78c0d2-9882-4da1-92e5-84b1eaaf6616,POINT (56.2025111722 10.2507861399),1407066000,1.0,1.0,1.0,1.0
http://ict-citypulse.eu/SensorID-eb78c0d2-9882-4da1-92e5-84b1eaaf6616,POINT (56.2025111722 10.2507861399),1407066300,1.0,1.0,1.0,1.0
http://ict-citypulse.eu/SensorID-eb78c0d2-9882-4da1-92e5-84b1eaaf6616,POINT (56.2025111722 10.2507861399),1407066600,1.0,1.0,1.0,1.0
http://ict-citypulse.eu/SensorID-eb78c0d2-9882-4da1-92e5-84b1eaaf6616,POINT (56.2025111722 10.2507861399),1407067200,1.0,1.0,1.0,1.0
http://ict-citypulse.eu/SensorID-eb78c0d2-9882-4da1-92e5-84b1eaaf6616,POINT (56.2025111722 10.2507861399),1407067200,1.0,1.0,1.0,1.0
http://ict-citypulse.eu/SensorID-eb78c0d2-9882-4da1-92e5-84b1eaaf6616,POINT (56.2025111722 10.2507861399),1407067800,1.0,1.0,1.0,1.0
http://ict-citypulse.eu/SensorID-eb78c0d2-9882-4da1-92e5-84b1eaaf6616,POINT (56.2025111722 10.2507861399),1407067800,1.0,1.0,1.0,1.0
http://ict-citypulse.eu/SensorID-eb78c0d2-9882-4da1-92e5-84b1eaaf6616,POINT (56.2025111722 10.2507861399),1407068400,1.0,1.0,1.0,1.0
http://ict-citypulse.eu/SensorID-eb78c0d2-9882-4da1-92e5-84b1eaaf6616,POINT (56.2025111722 10.2507861399),1407068400,1.0,1.0,1.0,1.0
http://ict-citypulse.eu/SensorID-eb78c0d2-9882-4da1-92e5-84b1eaaf6616,POINT (56.2025111722 10.2507861399),1407068700,1.0,1.0,1.0,1.0
http://ict-citypulse.eu/SensorID-eb78c0d2-9882-4da1-92e5-84b1eaaf6616,POINT (56.2025111722 10.2507861399),1407069000,1.0,1.0,1.0,1.0
http://ict-citypulse.eu/SensorID-eb78c0d2-9882-4da1-92e5-84b1eaaf6616,POINT (56.2025111722 10.2507861399),1407069300,1.0,1.0,1.0,1.0
http://ict-citypulse.eu/SensorID-eb78c0d2-9882-4da1-92e5-84b1eaaf6616,POINT (56.2025111722 10.2507861399),1407069600,1.0,1.0,1.0,1.0
http://ict-citypulse.eu/SensorID-eb78c0d2-9882-4da1-92e5-84b1eaaf6616,POINT (56.2025111722 10.2507861399),1407069900,1.0,1.0,1.0,1.0
http://ict-citypulse.eu/SensorID-eb78c0d2-9882-4da1-92e5-84b1eaaf6616,POINT (56.2025111722 10.2507861399),1407070200,1.0,1.0,1.0,1.0
http://ict-citypulse.eu/SensorID-eb78c0d2-9882-4da1-92e5-84b1eaaf6616,POINT (56.2025111722 10.2507861399),1407070500,1.0,1.0,1.0,1.0
http://ict-citypulse.eu/SensorID-eb78c0d2-9882-4da1-92e5-84b1eaaf6616,POINT (56.2025111722 10.2507861399),1407070800,1.0,1.0,1.0,1.0
http://ict-citypulse.eu/SensorID-eb78c0d2-9882-4da1-92e5-84b1eaaf6616,POINT (56.2025111722 10.2507861399),1407071100,1.0,1.0,1.0,1.0
http://ict-citypulse.eu/SensorID-eb78c0d2-9882-4da1-92e5-84b1eaaf6616,POINT (56.2025111722 10.2507861399),1407071400,1.0,1.0,1.0,1.0
http://ict-citypulse.eu/SensorID-eb78c0d2-9882-4da1-92e5-84b1eaaf6616,POINT (56.2025111722 10.2507861399),1407071700,1.0,1.0,1.0,1.0
http://ict-citypulse.eu/SensorID-eb78c0d2-9882-4da1-92e5-84b1eaaf6616,POINT (56.2025111722 10.2507861399),1407072000,1.0,1.0,1.0,1.0
http://ict-citypulse.eu/SensorID-eb78c0d2-9882-4da1-92e5-84b1eaaf6616,POINT (56.2025111722 10.2507861399),1407072300,1.0,1.0,1.0,1.0
