streamId,location,timestamp,Latency,Age,Frequency,Completeness
http://ict-citypulse.eu/SensorID-68c1c369-1069-4cfc-9bde-5b094c6e3620,"LINESTRING (56.2107989834 10.2695190822, 56.211552783 10.2777020294)",1406869200,1.0,1.0,1.0,1.0
http://ict-citypulse.eu/SensorID-f6430daa-c0d4-4208-b1f7-5e7082599f81,"LINESTRING (56.1489275059 10.2095997755, 56.1615972691 10.2153896958)",1406867700,1.0,1.0,1.0,1.0
http://ict-citypulse.eu/SensorID-f6430daa-c0d4-4208-b1f7-5e7082599f81,"LINESTRING (56.1489275059 10.2095997755, 56.1615972691 10.2153896958)",1406867700,1.0,1.0,1.0,1.0
http://ict-citypulse.eu/SensorID-f6430daa-c0d4-4208-b1f7-5e7082599f81,"LINESTRING (56.1489275059 10.2095997755, 56.1615972691 10.2153896958)",1406867700,1.0,1.0,1.0,1.0
http://ict-citypulse.eu/SensorID-5ea18f3e-2c8c-4c6b-ba61-30a4052b25b6,"LINESTRING (56.1760686155 10.2017708871, 56.1803125039 10.1989329264)",1406868000,1.0,1.0,1.0,1.0
http://ict-citypulse.eu/SensorID-5ea18f3e-2c8c-4c6b-ba61-30a4052b25b6,"LINESTRING (56.1760686155 10.2017708871, 56.1803125039 10.1989329264)",1406868000,1.0,1.0,1.0,1.0
http://ict-citypulse.eu/SensorID-5ea18f3e-2c8c-4c6b-ba61-30a4052b25b6,"LINESTRING (56.1760686155 10.2017708871, 56.1803125039 10.1989329264)",1406868000,1.0,1.0,1.0,1.0
http://ict-citypulse.eu/SensorID-90bf64f3-0953-4e8a-8e86-735181678964,"LINESTRING (56.1663172006 10.2182260908, 56.1754320859 10.2212730331)",1406868300,1.0,1.0,1.0,1.0
http://ict-citypulse.eu/SensorID-a68620bc-82dd-427f-9152-bc2202dbf8b9,"LINESTRING (56.1169221963 10.202164316, 56.1178289718 10.2071130172)",1406867400,1.0,1.0,1.0,1.0
http://ict-citypulse.eu/SensorID-a68620bc-82dd-427f-9152-bc2202dbf8b9,"LINESTRING (56.1169221963 10.202164316, 56.1178289718 10.2071130172)",1406867400,1.0,1.0,1.0,1.0
http://ict-citypulse.eu/SensorID-90bf64f3-0953-4e8a-8e86-735181678964,"LINESTRING (56.1663172006 10.2182260908, 56.1754320859 10.2212730331)",1406868300,1.0,1.0,1.0,1.0
http://ict-citypulse.eu/SensorID-90bf64f3-0953-4e8a-8e86-735181678964,"LINESTRING (56.1663172006 10.2182260908, 56.1754320859 10.2212730331)",1406868300,1.0,1.0,1.0,1.0
http://ict-citypulse.eu/SensorID-a68620bc-82dd-427f-9152-bc2202dbf8b9,"LINESTRING (56.1169221963 10.202164316, 56.1178289718 10.2071130172)",1406867400,1.0,1.0,1.0,1.0
http://ict-citypulse.eu/SensorID-86b44419-969d-47d2-9f50-9c7b3bd91aad,"LINESTRING (56.1178289718 10.2071130172, 56.114487 10.2078542307)",1406868300,1.0,1.0,1.0,1.0
http://ict-citypulse.eu/SensorID-86b44419-969d-47d2-9f50-9c7b3bd91aad,"LINESTRING (56.1178289718 10.2071130172, 56.114487 10.2078542307)",1406868300,1.0,1.0,1.0,1.0
http://ict-citypulse.eu/SensorID-f7ed30ef-22e3-48e0-bcff-e297cde3b02f,"LINESTRING (56.1937110701 10.2188782515, 56.1903874453 10.2231107755)",1406869200,1.0,1.0,1.0,1.0
http://ict-citypulse.eu/SensorID-f7ed30ef-22e3-48e0-bcff-e297cde3b02f,"LINESTRING (56.1937110701 10.2188782515, 56.1903874453 10.2231107755)",1406869200,1.0,1.0,1.0,1.0
http://ict-citypulse.eu/SensorID-86b44419-969d-47d2-9f50-9c7b3bd91aad,"LINESTRING (56.1178289718 10.2071130172, 56.114487 10.2078542307)",1406868300,1.0,1.0,1.0,1.0
http://ict-citypulse.eu/SensorID-f7ed30ef-22e3-48e0-bcff-e297cde3b02f,"LINESTRING (56.1937110701 10.2188782515, 56.1903874453 10.2231107755)",1406869200,1.0,1.0,1.0,1.0
http://ict-citypulse.eu/SensorID-a3026a31-08f5-46cc-a6f7-e8059e5104fc,"LINESTRING (56.1786232677 10.1846107172, 56.1813532583 10.1929060086)",1406868300,1.0,1.0,1.0,1.0
http://ict-citypulse.eu/SensorID-a3026a31-08f5-46cc-a6f7-e8059e5104fc,"LINESTRING (56.1786232677 10.1846107172, 56.1813532583 10.1929060086)",1406868300,1.0,1.0,1.0,1.0
http://ict-citypulse.eu/SensorID-a3026a31-08f5-46cc-a6f7-e8059e5104fc,"LINESTRING (56.1786232677 10.1846107172, 56.1813532583 10.1929060086)",1406868300,1.0,1.0,1.0,1.0
http://ict-citypulse.eu/SensorID-a129b155-c6e2-4b07-a6a9-b253780f68e5,"LINESTRING (56.1711225509 10.2014474282, 56.1760686155 10.2017708871)",1406869500,1.0,1.0,1.0,1.0
http://ict-citypulse.eu/SensorID-66644d66-997e-4b9e-b2ea-e2543a0f0c74,"LINESTRING (56.1731278218 10.1617576883, 56.1691480281 10.1610627116)",1406869200,1.0,1.0,1.0,1.0
http://ict-citypulse.eu/SensorID-a129b155-c6e2-4b07-a6a9-b253780f68e5,"LINESTRING (56.1711225509 10.2014474282, 56.1760686155 10.2017708871)",1406869500,1.0,1.0,1.0,1.0
http://ict-citypulse.eu/SensorID-a129b155-c6e2-4b07-a6a9-b253780f68e5,"LINESTRING (56.1711225509 10.2014474282, 56.1760686155 10.2017708871)",1406869500,1.0,1.0,1.0,1.0
http://ict-citypulse.eu/SensorID-17599c22-11f8-49ad-9ad6-d3aff51ffce6,"LINESTRING (56.1559141105 10.1761335423, 56.1549834693 10.1826163056)",1406867400,1.0,1.0,1.0,1.0
http://ict-citypulse.eu/SensorID-66644d66-997e-4b9e-b2ea-e2543a0f0c74,"LINESTRING (56.1731278218 10.1617576883, 56.1691480281 10.1610627116)",1406869200,1.0,1.0,1.0,1.0
http://ict-citypulse.eu/SensorID-66644d66-997e-4b9e-b2ea-e2543a0f0c74,"LINESTRING (56.1731278218 10.1617576883, 56.1691480281 10.1610627116)",1406869200,1.0,1.0,1.0,1.0
http://ict-citypulse.eu/SensorID-17599c22-11f8-49ad-9ad6-d3aff51ffce6,"LINESTRING (56.1559141105 10.1761335423, 56.1549834693 10.1826163056)",1406867400,1.0,1.0,1.0,1.0
http://ict-citypulse.eu/SensorID-17599c22-11f8-49ad-9ad6-d3aff51ffce6,"LINESTRING (56.1559141105 10.1761335423, 56.1549834693 10.1826163056)",1406867400,1.0,1.0,1.0,1.0
http://ict-citypulse.eu/SensorID-00fa5ce0-abad-4cb7-b6b8-94181b7a9933,"LINESTRING (56.1623692877 10.1783355976, 56.1638969743 10.1861622467)",1406868300,1.0,1.0,1.0,1.0
http://ict-citypulse.eu/SensorID-00fa5ce0-abad-4cb7-b6b8-94181b7a9933,"LINESTRING (56.1623692877 10.1783355976, 56.1638969743 10.1861622467)",1406868300,1.0,1.0,1.0,1.0
http://ict-citypulse.eu/SensorID-00fa5ce0-abad-4cb7-b6b8-94181b7a9933,"LINESTRING (56.1623692877 10.1783355976, 56.1638969743 10.1861622467)",1406868300,1.0,1.0,1.0,1.0
http://ict-citypulse.eu/SensorID-a5dd927e-b362-4d49-9ca1-9dbee2669091,"LINESTRING (56.1615972691 10.2153896958, 56.1610768129 10.2121812712)",1406868000,1.0,1.0,1.0,1.0
http://ict-citypulse.eu/SensorID-a5dd927e-b362-4d49-9ca1-9dbee2669091,"LINESTRING (56.1615972691 10.2153896958, 56.1610768129 10.2121812712)",1406868000,1.0,1.0,1.0,1.0
http://ict-citypulse.eu/SensorID-a5dd927e-b362-4d49-9ca1-9dbee2669091,"LINESTRING (56.1615972691 10.2153896958, 56.1610768129 10.2121812712)",1406868000,1.0,1.0,1.0,1.0
http://ict-citypulse.eu/SensorID-dae1953c-c7d0-4c76-841a-f2d8fa4e9c3f,"LINESTRING (56.1793224096 10.1753382073, 56.1786232677 10.1846107172)",1406867400,1.0,1.0,1.0,1.0
http://ict-citypulse.eu/SensorID-dae1953c-c7d0-4c76-841a-f2d8fa4e9c3f,"LINESTRING (56.1793224096 10.1753382073, 56.1786232677 10.1846107172)",1406867400,1.0,1.0,1.0,1.0
http://ict-citypulse.eu/SensorID-dae1953c-c7d0-4c76-841a-f2d8fa4e9c3f,"LINESTRING (56.1793224096 10.1753382073, 56.1786232677 10.1846107172)",1406867400,1.0,1.0,1.0,1.0
http://ict-citypulse.eu/SensorID-e0db6ee4-6bfc-4b64-8e4d-bfef4f9e0ed8,"LINESTRING (56.1738916446 10.1821839595, 56.1702785654 10.1866526024)",1406868300,1.0,1.0,1.0,1.0
http://ict-citypulse.eu/SensorID-e0db6ee4-6bfc-4b64-8e4d-bfef4f9e0ed8,"LINESTRING (56.1738916446 10.1821839595, 56.1702785654 10.1866526024)",1406868300,1.0,1.0,1.0,1.0
http://ict-citypulse.eu/SensorID-e0db6ee4-6bfc-4b64-8e4d-bfef4f9e0ed8,"LINESTRING (56.1738916446 10.1821839595, 56.1702785654 10.1866526024)",1406868300,1.0,1.0,1.0,1.0
http://ict-citypulse.eu/SensorID-6435dcab-2e29-4ff4-9d2c-085cce1892cb,"LINESTRING (56.1320320946 10.1576588429, 56.1395320666 10.1772034087)",1406867700,1.0,1.0,1.0,1.0
http://ict-citypulse.eu/SensorID-6435dcab-2e29-4ff4-9d2c-085cce1892cb,"LINESTRING (56.1320320946 10.1576588429, 56.1395320666 10.1772034087)",1406867700,1.0,1.0,1.0,1.0
http://ict-citypulse.eu/SensorID-0843a619-884b-48f2-b692-24e8364fe02f,"LINESTRING (56.1213795461 10.0661298049, 56.1199600742 10.0836782884)",1406867400,1.0,1.0,1.0,1.0
http://ict-citypulse.eu/SensorID-6435dcab-2e29-4ff4-9d2c-085cce1892cb,"LINESTRING (56.1320320946 10.1576588429, 56.1395320666 10.1772034087)",1406867700,1.0,1.0,1.0,1.0
http://ict-citypulse.eu/SensorID-0843a619-884b-48f2-b692-24e8364fe02f,"LINESTRING (56.1213795461 10.0661298049, 56.1199600742 10.0836782884)",1406867400,1.0,1.0,1.0,1.0
http://ict-citypulse.eu/SensorID-0843a619-884b-48f2-b692-24e8364fe02f,"LINESTRING (56.1213795461 10.0661298049, 56.1199600742 10.0836782884)",1406867400,1.0,1.0,1.0,1.0
http://ict-citypulse.eu/SensorID-8516f63e-c247-4639-809e-5bdfc2a708ae,"LINESTRING (56.1367388586 10.2077631804, 56.1447191322 10.2087297111)",1406867400,1.0,1.0,1.0,1.0
http://ict-citypulse.eu/SensorID-8516f63e-c247-4639-809e-5bdfc2a708ae,"LINESTRING (56.1367388586 10.2077631804, 56.1447191322 10.2087297111)",1406867400,1.0,1.0,1.0,1.0
http://ict-citypulse.eu/SensorID-8516f63e-c247-4639-809e-5bdfc2a708ae,"LINESTRING (56.1367388586 10.2077631804, 56.1447191322 10.2087297111)",1406867400,1.0,1.0,1.0,1.0
http://ict-citypulse.eu/SensorID-e63694d5-b821-4114-8c0f-aed59e682d3a,"LINESTRING (56.172629958 10.1534361521, 56.1691480281 10.1610627116)",1406868000,1.0,1.0,1.0,1.0
http://ict-citypulse.eu/SensorID-e63694d5-b821-4114-8c0f-aed59e682d3a,"LINESTRING (56.172629958 10.1534361521, 56.1691480281 10.1610627116)",1406868000,1.0,1.0,1.0,1.0
http://ict-citypulse.eu/SensorID-e63694d5-b821-4114-8c0f-aed59e682d3a,"LINESTRING (56.172629958 10.1534361521, 56.1691480281 10.1610627116)",1406868000,1.0,1.0,1.0,1.0
http://ict-citypulse.eu/SensorID-b30bfe36-72d8-44b5-8d1f-5189b67e45ad,"LINESTRING (56.1181988302 10.1483536908, 56.1191961618 10.1428593644)",1406867700,1.0,1.0,1.0,1.0
http://ict-citypulse.eu/SensorID-b30bfe36-72d8-44b5-8d1f-5189b67e45ad,"LINESTRING (56.1181988302 10.1483536908, 56.1191961618 10.1428593644)",1406867700,1.0,1.0,1.0,1.0
http://ict-citypulse.eu/SensorID-b30bfe36-72d8-44b5-8d1f-5189b67e45ad,"LINESTRING (56.1181988302 10.1483536908, 56.1191961618 10.1428593644)",1406867700,1.0,1.0,1.0,1.0
http://ict-citypulse.eu/SensorID-6e82c8f0-bd78-4fc5-bc91-0f47a07cd4f2,"LINESTRING (56.1405155168 10.154338146, 56.1482420942 10.1498743092)",1406868000,1.0,1.0,1.0,1.0
http://ict-citypulse.eu/SensorID-6e82c8f0-bd78-4fc5-bc91-0f47a07cd4f2,"LINESTRING (56.1405155168 10.154338146, 56.1482420942 10.1498743092)",1406868000,1.0,1.0,1.0,1.0
http://ict-citypulse.eu/SensorID-6e82c8f0-bd78-4fc5-bc91-0f47a07cd4f2,"LINESTRING (56.1405155168 10.154338146, 56.1482420942 10.1498743092)",1406868000,1.0,1.0,1.0,1.0
http://ict-citypulse.eu/SensorID-d6541732-cfc8-4ddf-9a9b-225e0fa24537,"LINESTRING (56.2005600974 10.2418764319, 56.205074 10.2362175251)",1406868300,1.0,1.0,1.0,1.0
http://ict-citypulse.eu/SensorID-d6541732-cfc8-4ddf-9a9b-225e0fa24537,"LINESTRING (56.2005600974 10.2418764319, 56.205074 10.2362175251)",1406868300,1.0,1.0,1.0,1.0
http://ict-citypulse.eu/SensorID-d6541732-cfc8-4ddf-9a9b-225e0fa24537,"LINESTRING (56.2005600974 10.2418764319, 56.205074 10.2362175251)",1406868300,1.0,1.0,1.0,1.0
http://ict-citypulse.eu/SensorID-8cda0c73-5a0e-4888-93bb-7baa56d3103c,"LINESTRING (56.1498479048 10.1836794663, 56.1549969139 10.1828416111)",1406867700,1.0,1.0,1.0,1.0
http://ict-citypulse.eu/SensorID-8cda0c73-5a0e-4888-93bb-7baa56d3103c,"LINESTRING (56.1498479048 10.1836794663, 56.1549969139 10.1828416111)",1406867700,1.0,1.0,1.0,1.0
http://ict-citypulse.eu/SensorID-8cda0c73-5a0e-4888-93bb-7baa56d3103c,"LINESTRING (56.1498479048 10.1836794663, 56.1549969139 10.1828416111)",1406867700,1.0,1.0,1.0,1.0
http://ict-citypulse.eu/SensorID-7ad31e30-da1a-48a4-b61e-caebeaadc3d3,"LINESTRING (56.1257436219 10.1578806786, 56.1309657706 10.1663186184)",1406867700,1.0,1.0,1.0,1.0
http://ict-citypulse.eu/SensorID-b7f64667-c614-4e65-8a70-138b915758e8,"LINESTRING (56.1341798932 10.1794878834, 56.1243783274 10.1800560172)",1406868000,1.0,1.0,1.0,1.0
http://ict-citypulse.eu/SensorID-7ad31e30-da1a-48a4-b61e-caebeaadc3d3,"LINESTRING (56.1257436219 10.1578806786, 56.1309657706 10.1663186184)",1406867700,1.0,1.0,1.0,1.0
http://ict-citypulse.eu/SensorID-b7f64667-c614-4e65-8a70-138b915758e8,"LINESTRING (56.1341798932 10.1794878834, 56.1243783274 10.1800560172)",1406868000,1.0,1.0,1.0,1.0
http://ict-citypulse.eu/SensorID-b7f64667-c614-4e65-8a70-138b915758e8,"LINESTRING (56.1341798932 10.1794878834, 56.1243783274 10.1800560172)",1406868000,1.0,1.0,1.0,1.0
http://ict-citypulse.eu/SensorID-7ad31e30-da1a-48a4-b61e-caebeaadc3d3,"LINESTRING (56.1257436219 10.1578806786, 56.1309657706 10.1663186184)",1406867700,1.0,1.0,1.0,1.0
http://ict-citypulse.eu/SensorID-2aef1701-0b56-488e-95fb-bac7c3c04179,"LINESTRING (56.1731278218 10.1617576883, 56.1726784859 10.1535085718)",1406867700,1.0,1.0,1.0,1.0
http://ict-citypulse.eu/SensorID-2aef1701-0b56-488e-95fb-bac7c3c04179,"LINESTRING (56.1731278218 10.1617576883, 56.1726784859 10.1535085718)",1406867700,1.0,1.0,1.0,1.0
http://ict-citypulse.eu/SensorID-2aef1701-0b56-488e-95fb-bac7c3c04179,"LINESTRING (56.1731278218 10.1617576883, 56.1726784859 10.1535085718)",1406867700,1.0,1.0,1.0,1.0
http://ict-citypulse.eu/SensorID-002a7e0d-9f2c-436d-a8bc-45c167f85f5b,"LINESTRING (56.1549834693 10.1826163056, 56.1498075654 10.1834997583)",1406867400,1.0,1.0
http://ict-citypulse.eu/SensorID-002a7e0d-9f2c-436d-a8bc-45c167f85f5b,"LINESTRING (56.1549834693 10.1826163056, 56.1498075654 10.1834997583)",1406867400,1.0,1.0,1.0,1.0
http://ict-citypulse.eu/SensorID-1b74a096-f018-433e-a843-11a2a5175e91,"LINESTRING (56.1678671876 10.1515794552, 56.1691480281 10.1610627116)",1406869200,1.0,1.0,1.0,1.0
http://ict-citypulse.eu/SensorID-002a7e0d-9f2c-436d-a8bc-45c167f85f5b,"LINESTRING (56.1549834693 10.1826163056, 56.1498075654 10.1834997583)",1406867400,1.0,1.0,1.0,1.0
http://ict-citypulse.eu/SensorID-1b74a096-f018-433e-a843-11a2a5175e91,"LINESTRING (56.1678671876 10.1515794552, 56.1691480281 10.1610627116)",1406869200,1.0,1.0,1.0,1.0
http://ict-citypulse.eu/SensorID-1b74a096-f018-433e-a843-11a2a5175e91,"LINESTRING (56.1678671876 10.1515794552, 56.1691480281 10.1610627116)",1406869200,1.0,1.0,1.0,1.0
http://ict-citypulse.eu/SensorID-dfaa8292-ad1a-49de-a67b-e0c55fbca73e,"LINESTRING (56.1681667203 10.2070600896, 56.1723512066 10.2092757669)",1406868000,1.0,1.0,1.0,1.0
http://ict-citypulse.eu/SensorID-dfaa8292-ad1a-49de-a67b-e0c55fbca73e,"LINESTRING (56.1681667203 10.2070600896, 56.1723512066 10.2092757669)",1406868000,1.0,1.0,1.0,1.0
http://ict-citypulse.eu/SensorID-dfaa8292-ad1a-49de-a67b-e0c55fbca73e,"LINESTRING (56.1681667203 10.2070600896, 56.1723512066 10.2092757669)",1406868000,1.0,1.0,1.0,1.0
http://ict-citypulse.eu/SensorID-89362098-414b-4010-9488-24744709f80a,"LINESTRING (56.1080643141 10.1147004957, 56.1105901196 10.1224087521)",1406868000,1.0,1.0,1.0,1.0
http://ict-citypulse.eu/SensorID-89362098-414b-4010-9488-24744709f80a,"LINESTRING (56.1080643141 10.1147004957, 56.1105901196 10.1224087521)",1406868000,1.0,1.0,1.0,1.0
http://ict-citypulse.eu/SensorID-89362098-414b-4010-9488-24744709f80a,"LINESTRING (56.1080643141 10.1147004957, 56.1105901196 10.1224087521)",1406868000,1.0,1.0,1.0,1.0
http://ict-citypulse.eu/SensorID-7d52d65e-9efb-426d-8cb2-0b0cbe3ee648,"LINESTRING (56.1936924158 10.2190861227, 56.197651797 10.2286392159)",1406867700,1.0,1.0,1.0,1.0
http://ict-citypulse.eu/SensorID-7d52d65e-9efb-426d-8cb2-0b0cbe3ee648,"LINESTRING (56.1936924158 10.2190861227, 56.197651797 10.2286392159)",1406867700,1.0,1.0,1.0,1.0
http://ict-citypulse.eu/SensorID-7d52d65e-9efb-426d-8cb2-0b0cbe3ee648,"LINESTRING (56.1936924158 10.2190861227, 56.197651797 10.2286392159)",1406867700,1.0,1.0,1.0,1.0
http://ict-citypulse.eu/SensorID-8b22d394-2553-49c0-88e3-7c910d1ea2df,"LINESTRING (56.2150859326 10.1397801926, 56.2257947826 10.1165896654)",1406867400,1.0,1.0,1.0,1.0
http://ict-citypulse.eu/SensorID-8b22d394-2553-49c0-88e3-7c910d1ea2df,"LINESTRING (56.2150859326 10.1397801926, 56.2257947826 10.1165896654)",1406867400,1.0,1.0,1.0,1.0
http://ict-citypulse.eu/SensorID-8b22d394-2553-49c0-88e3-7c910d1ea2df,"LINESTRING (56.2150859326 10.1397801926, 56.2257947826 10.1165896654)",1406867400,1.0,1.0,1.0,1.0
http://ict-citypulse.eu/SensorID-a90ff8c0-2d86-4be9-beab-45101ed2eba2,"LINESTRING (56.1821021759 10.1893553092, 56.1787106041 10.1844853239)",1406867400,1.0,1.0,1.0,1.0
http://ict-citypulse.eu/SensorID-a90ff8c0-2d86-4be9-beab-45101ed2eba2,"LINESTRING (56.1821021759 10.1893553092, 56.1787106041 10.1844853239)",1406867400,1.0,1.0,1.0,1.0
http://ict-citypulse.eu/SensorID-a90ff8c0-2d86-4be9-beab-45101ed2eba2,"LINESTRING (56.1821021759 10.1893553092, 56.1787106041 10.1844853239)",1406867400,1.0,1.0,1.0,1.0
http://ict-citypulse.eu/SensorID-bf364c05-9367-4a9a-8e5c-0b5327e7aeba,"LINESTRING (56.1829004928 10.2178025509, 56.1740542343 10.2134844663)",1406868000,1.0,1.0,1.0,1.0
http://ict-citypulse.eu/SensorID-bf364c05-9367-4a9a-8e5c-0b5327e7aeba,"LINESTRING (56.1829004928 10.2178025509, 56.1740542343 10.2134844663)",1406868000,1.0,1.0,1.0,1.0
http://ict-citypulse.eu/SensorID-bf364c05-9367-4a9a-8e5c-0b5327e7aeba,"LINESTRING (56.1829004928 10.2178025509, 56.1740542343 10.2134844663)",1406868000,1.0,1.0,1.0,1.0
http://ict-citypulse.eu/SensorID-dab2b746-7d9f-43a9-b016-493da4bd875e,"LINESTRING (56.1803125039 10.1989329264, 56.184659562 10.1960484246)",1406867400,1.0,1.0,1.0,1.0
http://ict-citypulse.eu/SensorID-46e65870-a5c0-4f72-85cb-c0d999ab1bae,"LINESTRING (56.1323639684 10.2117227546, 56.1367388586 10.2077631804)",1406867700,1.0,1.0,1.0,1.0
http://ict-citypulse.eu/SensorID-dab2b746-7d9f-43a9-b016-493da4bd875e,"LINESTRING (56.1803125039 10.1989329264, 56.184659562 10.1960484246)",1406867400,1.0,1.0,1.0,1.0
http://ict-citypulse.eu/SensorID-46e65870-a5c0-4f72-85cb-c0d999ab1bae,"LINESTRING (56.1323639684 10.2117227546, 56.1367388586 10.2077631804)",1406867700,1.0,1.0,1.0,1.0
http://ict-citypulse.eu/SensorID-46e65870-a5c0-4f72-85cb-c0d999ab1bae,"LINESTRING (56.1323639684 10.2117227546, 56.1367388586 10.2077631804)",1406867700,1.0,1.0,1.0,1.0
http://ict-citypulse.eu/SensorID-dfceb91c-9119-4873-b62f-66108a40be22,"LINESTRING (56.1787106041 10.1844853239, 56.1793224096 10.1753382073)",1406867400,1.0,1.0,1.0,1.0
http://ict-citypulse.eu/SensorID-dab2b746-7d9f-43a9-b016-493da4bd875e,"LINESTRING (56.1803125039 10.1989329264, 56.184659562 10.1960484246)",1406867400,1.0,1.0,1.0,1.0
http://ict-citypulse.eu/SensorID-dfceb91c-9119-4873-b62f-66108a40be22,"LINESTRING (56.1787106041 10.1844853239, 56.1793224096 10.1753382073)",1406867400,1.0,1.0,1.0,1.0
http://ict-citypulse.eu/SensorID-dfceb91c-9119-4873-b62f-66108a40be22,"LINESTRING (56.1787106041 10.1844853239, 56.1793224096 10.1753382073)",1406867400,1.0,1.0,1.0,1.0
http://ict-citypulse.eu/SensorID-c80ce22d-6d39-4dd0-9d87-447937bfb842,"LINESTRING (56.1865462684 10.2183038129, 56.1903874453 10.2231107755)",1406867400,1.0,1.0,1.0,1.0
http://ict-citypulse.eu/SensorID-c80ce22d-6d39-4dd0-9d87-447937bfb842,"LINESTRING (56.1865462684 10.2183038129, 56.1903874453 10.2231107755)",1406867400,1.0,1.0,1.0,1.0
http://ict-citypulse.eu/SensorID-c80ce22d-6d39-4dd0-9d87-447937bfb842,"LINESTRING (56.1865462684 10.2183038129, 56.1903874453 10.2231107755)",1406867400,1.0,1.0,1.0,1.0
http://ict-citypulse.eu/SensorID-266fb844-fbe3-4f5e-90ed-e73829349fec,"LINESTRING (56.1625743518 10.1391543644, 56.1601908857 10.1432579484)",1406867700,1.0,1.0,1.0,1.0
http://ict-citypulse.eu/SensorID-fa90305f-10a5-40be-91f6-ae911c8ad0f9,"LINESTRING (56.1489275059 10.2095997755, 56.1610768129 10.2121812712)",1406867400,1.0,1.0,1.0,1.0
http://ict-citypulse.eu/SensorID-266fb844-fbe3-4f5e-90ed-e73829349fec,"LINESTRING (56.1625743518 10.1391543644, 56.1601908857 10.1432579484)",1406867700,1.0,1.0,1.0,1.0
http://ict-citypulse.eu/SensorID-266fb844-fbe3-4f5e-90ed-e73829349fec,"LINESTRING (56.1625743518 10.1391543644, 56.1601908857 10.1432579484)",1406867700,1.0,1.0,1.0,1.0
http://ict-citypulse.eu/SensorID-fa90305f-10a5-40be-91f6-ae911c8ad0f9,"LINESTRING (56.1489275059 10.2095997755, 56.1610768129 10.2121812712)",1406867400,1.0,1.0,1.0,1.0
http://ict-citypulse.eu/SensorID-fa90305f-10a5-40be-91f6-ae911c8ad0f9,"LINESTRING (56.1489275059 10.2095997755, 56.1610768129 10.2121812712)",1406867400,1.0,1.0,1.0,1.0
http://ict-citypulse.eu/SensorID-ace1c505-1405-427d-9adc-cd18ae9a3d7b,"LINESTRING (56.138322978 10.1793363442, 56.1425188528 10.1868802626)",1406867400,1.0,1.0,1.0,1.0
http://ict-citypulse.eu/SensorID-a210e746-8c9d-4be6-9a9c-e1b4a088c58c,"LINESTRING (56.1833360361 10.2007007902, 56.180283393 10.1987786994)",1406868000,1.0,1.0,1.0,1.0
http://ict-citypulse.eu/SensorID-a210e746-8c9d-4be6-9a9c-e1b4a088c58c,"LINESTRING (56.1833360361 10.2007007902, 56.180283393 10.1987786994)",1406868000,1.0,1.0,1.0,1.0
http://ict-citypulse.eu/SensorID-a210e746-8c9d-4be6-9a9c-e1b4a088c58c,"LINESTRING (56.1833360361 10.2007007902, 56.180283393 10.1987786994)",1406868000,1.0,1.0,1.0,1.0
http://ict-citypulse.eu/SensorID-ace1c505-1405-427d-9adc-cd18ae9a3d7b,"LINESTRING (56.138322978 10.1793363442, 56.1425188528 10.1868802626)",1406867400,1.0,1.0,1.0,1.0
http://ict-citypulse.eu/SensorID-ace1c505-1405-427d-9adc-cd18ae9a3d7b,"LINESTRING (56.138322978 10.1793363442, 56.1425188528 10.1868802626)",1406867400,1.0,1.0,1.0,1.0
http://ict-citypulse.eu/SensorID-b1da81bc-ec05-45cf-9a62-1b19468f020d,"LINESTRING (56.1760387549 10.20161666, 56.1712270765 10.201380373)",1406867400,1.0,1.0,1.0,1.0
http://ict-citypulse.eu/SensorID-b1da81bc-ec05-45cf-9a62-1b19468f020d,"LINESTRING (56.1760387549 10.20161666, 56.1712270765 10.201380373)",1406867400,1.0,1.0,1.0,1.0
http://ict-citypulse.eu/SensorID-b1da81bc-ec05-45cf-9a62-1b19468f020d,"LINESTRING (56.1760387549 10.20161666, 56.1712270765 10.201380373)",1406867400,1.0,1.0,1.0,1.0
http://ict-citypulse.eu/SensorID-d62e059c-ce4e-497b-b104-68dce0baf4bc,"LINESTRING (56.1527572865 10.1313318368, 56.1531358878 10.139060373)",1406868300,1.0,1.0,1.0,1.0
http://ict-citypulse.eu/SensorID-d62e059c-ce4e-497b-b104-68dce0baf4bc,"LINESTRING (56.1527572865 10.1313318368, 56.1531358878 10.139060373)",1406868300,1.0,1.0,1.0,1.0
http://ict-citypulse.eu/SensorID-d62e059c-ce4e-497b-b104-68dce0baf4bc,"LINESTRING (56.1527572865 10.1313318368, 56.1531358878 10.139060373)",1406868300,1.0,1.0,1.0,1.0
http://ict-citypulse.eu/SensorID-de9a80fe-aad2-41ab-8e54-6ddbac02d524,"LINESTRING (56.1549834693 10.1826163056, 56.1519496986 10.1761418515)",1406867700,1.0,1.0,1.0,1.0
http://ict-citypulse.eu/SensorID-de9a80fe-aad2-41ab-8e54-6ddbac02d524,"LINESTRING (56.1549834693 10.1826163056, 56.1519496986 10.1761418515)",1406867700,1.0,1.0,1.0,1.0
http://ict-citypulse.eu/SensorID-de9a80fe-aad2-41ab-8e54-6ddbac02d524,"LINESTRING (56.1549834693 10.1826163056, 56.1519496986 10.1761418515)",1406867700,1.0,1.0,1.0,1.0
http://ict-citypulse.eu/SensorID-ec438e5d-98a4-4569-a3fe-31a5923aab5b,"LINESTRING (56.1080643141 10.1147004957, 56.1007822021 10.0626591485)",1406867700,1.0,1.0,1.0,1.0
http://ict-citypulse.eu/SensorID-ec438e5d-98a4-4569-a3fe-31a5923aab5b,"LINESTRING (56.1080643141 10.1147004957, 56.1007822021 10.0626591485)",1406867700,1.0,1.0,1.0,1.0
http://ict-citypulse.eu/SensorID-ec438e5d-98a4-4569-a3fe-31a5923aab5b,"LINESTRING (56.1080643141 10.1147004957, 56.1007822021 10.0626591485)",1406867700,1.0,1.0,1.0,1.0
http://ict-citypulse.eu/SensorID-dc9844fb-bfe8-4be1-802a-e09293b0b328,"LINESTRING (56.1546101382 10.1574402245, 56.1601804302 10.1435208049)",1406867400,1.0,1.0,1.0,1.0
http://ict-citypulse.eu/SensorID-dc9844fb-bfe8-4be1-802a-e09293b0b328,"LINESTRING (56.1546101382 10.1574402245, 56.1601804302 10.1435208049)",1406867400,1.0,1.0,1.0,1.0
http://ict-citypulse.eu/SensorID-918198f3-6a54-44ac-ad18-9f4eecad2f74,"LINESTRING (56.2116392987 10.2774364907, 56.2070985724 10.2672058393)",1406868000,1.0,1.0,1.0,1.0
http://ict-citypulse.eu/SensorID-918198f3-6a54-44ac-ad18-9f4eecad2f74,"LINESTRING (56.2116392987 10.2774364907, 56.2070985724 10.2672058393)",1406868000,1.0,1.0,1.0,1.0
http://ict-citypulse.eu/SensorID-918198f3-6a54-44ac-ad18-9f4eecad2f74,"LINESTRING (56.2116392987 10.2774364907, 56.2070985724 10.2672058393)",1406868000,1.0,1.0,1.0,1.0
http://ict-citypulse.eu/SensorID-dc9844fb-bfe8-4be1-802a-e09293b0b328,"LINESTRING (56.1546101382 10.1574402245, 56.1601804302 10.1435208049)",1406867400,1.0,1.0,1.0,1.0
http://ict-citypulse.eu/SensorID-4d899bbe-f961-4ffa-8f1e-39082b4dbb84,"LINESTRING (56.2070985724 10.2672058393, 56.2049620341 10.2594703619)",1406867700,1.0,1.0,1.0,1.0
http://ict-citypulse.eu/SensorID-4d899bbe-f961-4ffa-8f1e-39082b4dbb84,"LINESTRING (56.2070985724 10.2672058393, 56.2049620341 10.2594703619)",1406867700,1.0,1.0,1.0,1.0
http://ict-citypulse.eu/SensorID-4d899bbe-f961-4ffa-8f1e-39082b4dbb84,"LINESTRING (56.2070985724 10.2672058393, 56.2049620341 10.2594703619)",1406867700,1.0,1.0,1.0,1.0
http://ict-citypulse.eu/SensorID-a0b3aa31-be6c-4189-81ee-5702570e7c47,"LINESTRING (56.1384485158 10.1791506012, 56.1341798932 10.1794878834)",1406868000,1.0,1.0,1.0,1.0
http://ict-citypulse.eu/SensorID-a0b3aa31-be6c-4189-81ee-5702570e7c47,"LINESTRING (56.1384485158 10.1791506012, 56.1341798932 10.1794878834)",1406868000,1.0,1.0,1.0,1.0
http://ict-citypulse.eu/SensorID-a0b3aa31-be6c-4189-81ee-5702570e7c47,"LINESTRING (56.1384485158 10.1791506012, 56.1341798932 10.1794878834)",1406868000,1.0,1.0,1.0,1.0
http://ict-citypulse.eu/SensorID-1841d386-ebeb-49ed-9de8-254e2130181c,"LINESTRING (56.114487 10.2078542307, 56.1050695295 10.2069274368)",1406867400,1.0,1.0,1.0,1.0
http://ict-citypulse.eu/SensorID-1841d386-ebeb-49ed-9de8-254e2130181c,"LINESTRING (56.114487 10.2078542307, 56.1050695295 10.2069274368)",1406867400,1.0,1.0,1.0,1.0
http://ict-citypulse.eu/SensorID-1841d386-ebeb-49ed-9de8-254e2130181c,"LINESTRING (56.114487 10.2078542307, 56.1050695295 10.2069274368)",1406867400,1.0,1.0,1.0,1.0
http://ict-citypulse.eu/SensorID-78dbf129-91ad-4000-b337-9bfcc29d35eb,"LINESTRING (56.1178289718 10.2071130172, 56.1169221963 10.202164316)",1406868600,1.0,1.0,1.0,1.0
http://ict-citypulse.eu/SensorID-78dbf129-91ad-4000-b337-9bfcc29d35eb,"LINESTRING (56.1178289718 10.2071130172, 56.1169221963 10.202164316)",1406868600,1.0,1.0,1.0,1.0
http://ict-citypulse.eu/SensorID-78dbf129-91ad-4000-b337-9bfcc29d35eb,"LINESTRING (56.1178289718 10.2071130172, 56.1169221963 10.202164316)",1406868600,1.0,1.0,1.0,1.0
http://ict-citypulse.eu/SensorID-f4ff711f-fb36-401d-a5e3-979230e0d245,"LINESTRING (56.1865511195 10.2181247755, 56.1829004928 10.2178025509)",1406868000,1.0,1.0,1.0,1.0
http://ict-citypulse.eu/SensorID-17ea3f95-4496-47a7-856e-b0081ce8b86b,"LINESTRING (56.197651797 10.2286392159, 56.2004362546 10.2419890847)",1406868300,1.0,1.0,1.0,1.0
http://ict-citypulse.eu/SensorID-17ea3f95-4496-47a7-856e-b0081ce8b86b,"LINESTRING (56.197651797 10.2286392159, 56.2004362546 10.2419890847)",1406868300,1.0,1.0,1.0,1.0
http://ict-citypulse.eu/SensorID-f4ff711f-fb36-401d-a5e3-979230e0d245,"LINESTRING (56.1865511195 10.2181247755, 56.1829004928 10.2178025509)",1406868000,1.0,1.0,1.0,1.0
http://ict-citypulse.eu/SensorID-17ea3f95-4496-47a7-856e-b0081ce8b86b,"LINESTRING (56.197651797 10.2286392159, 56.2004362546 10.2419890847)",1406868300,1.0,1.0,1.0,1.0
http://ict-citypulse.eu/SensorID-f4ff711f-fb36-401d-a5e3-979230e0d245,"LINESTRING (56.1865511195 10.2181247755, 56.1829004928 10.2178025509)",1406868000,1.0,1.0,1.0,1.0
http://ict-citypulse.eu/SensorID-6160850c-34ca-499a-8b26-d2096d65adf9,"LINESTRING (56.1178289718 10.2071130172, 56.1323639684 10.2117227546)",1406868000,1.0,1.0,1.0,1.0
http://ict-citypulse.eu/SensorID-6160850c-34ca-499a-8b26-d2096d65adf9,"LINESTRING (56.1178289718 10.2071130172, 56.1323639684 10.2117227546)",1406868000,1.0,1.0,1.0,1.0
http://ict-citypulse.eu/SensorID-6160850c-34ca-499a-8b26-d2096d65adf9,"LINESTRING (56.1178289718 10.2071130172, 56.1323639684 10.2117227546)",1406868000,1.0,1.0,1.0,1.0
http://ict-citypulse.eu/SensorID-2c0ecd0c-baa6-4ff7-a442-d9d2b3b55643,"LINESTRING (56.1814599952 10.1927920147, 56.1787106041 10.1844853239)",1406868000,1.0,1.0,1.0,1.0
http://ict-citypulse.eu/SensorID-2c0ecd0c-baa6-4ff7-a442-d9d2b3b55643,"LINESTRING (56.1814599952 10.1927920147, 56.1787106041 10.1844853239)",1406868000,1.0,1.0,1.0,1.0
http://ict-citypulse.eu/SensorID-2c0ecd0c-baa6-4ff7-a442-d9d2b3b55643,"LINESTRING (56.1814599952 10.1927920147, 56.1787106041 10.1844853239)",1406868000,1.0,1.0,1.0,1.0
http://ict-citypulse.eu/SensorID-f0687b4b-5467-43ed-ab5c-6643f14867be,"LINESTRING (56.0992684243 10.2090203902, 56.1050695295 10.2069274368)",1406867700,1.0,1.0,1.0,1.0
http://ict-citypulse.eu/SensorID-f0687b4b-5467-43ed-ab5c-6643f14867be,"LINESTRING (56.0992684243 10.2090203902, 56.1050695295 10.2069274368)",1406867700,1.0,1.0,1.0,1.0
http://ict-citypulse.eu/SensorID-f0687b4b-5467-43ed-ab5c-6643f14867be,"LINESTRING (56.0992684243 10.2090203902, 56.1050695295 10.2069274368)",1406867700,1.0,1.0,1.0,1.0
http://ict-citypulse.eu/SensorID-dbf05331-dc17-4cc3-8ba6-a90482294428,"LINESTRING (56.1395320666 10.1772034087, 56.1384485158 10.1791506012)",1406867700,1.0,1.0,1.0,1.0
http://ict-citypulse.eu/SensorID-dbf05331-dc17-4cc3-8ba6-a90482294428,"LINESTRING (56.1395320666 10.1772034087, 56.1384485158 10.1791506012)",1406867700,1.0,1.0,1.0,1.0
http://ict-citypulse.eu/SensorID-15d6b2fa-b24f-4cc5-a6bb-3977e17dd1a0,"LINESTRING (56.1199600742 10.0836782884, 56.1213795461 10.0661298049)",1406867700,1.0,1.0,1.0,1.0
http://ict-citypulse.eu/SensorID-dbf05331-dc17-4cc3-8ba6-a90482294428,"LINESTRING (56.1395320666 10.1772034087, 56.1384485158 10.1791506012)",1406867700,1.0,1.0,1.0,1.0
http://ict-citypulse.eu/SensorID-15d6b2fa-b24f-4cc5-a6bb-3977e17dd1a0,"LINESTRING (56.1199600742 10.0836782884, 56.1213795461 10.0661298049)",1406867700,1.0,1.0,1.0,1.0
http://ict-citypulse.eu/SensorID-15d6b2fa-b24f-4cc5-a6bb-3977e17dd1a0,"LINESTRING (56.1199600742 10.0836782884, 56.1213795461 10.0661298049)",1406867700,1.0,1.0,1.0,1.0
http://ict-citypulse.eu/SensorID-1c0ce26f-c4df-4e66-bc44-5519436309fa,"LINESTRING (56.1760387549 10.20161666, 56.1723512066 10.2092757669)",1406867700,1.0,1.0,1.0,1.0
http://ict-citypulse.eu/SensorID-1c0ce26f-c4df-4e66-bc44-5519436309fa,"LINESTRING (56.1760387549 10.20161666, 56.1723512066 10.2092757669)",1406867700,1.0,1.0,1.0,1.0
http://ict-citypulse.eu/SensorID-1c0ce26f-c4df-4e66-bc44-5519436309fa,"LINESTRING (56.1760387549 10.20161666, 56.1723512066 10.2092757669)",1406867700,1.0,1.0,1.0,1.0
http://ict-citypulse.eu/SensorID-02f9833f-4c05-42b2-a0dc-5c3bd58a9ecd,"LINESTRING (56.1738916446 10.1821839595, 56.1793224096 10.1753382073)",1406867700,1.0,1.0,1.0,1.0
http://ict-citypulse.eu/SensorID-02f9833f-4c05-42b2-a0dc-5c3bd58a9ecd,"LINESTRING (56.1738916446 10.1821839595, 56.1793224096 10.1753382073)",1406867700,1.0,1.0,1.0,1.0
http://ict-citypulse.eu/SensorID-02f9833f-4c05-42b2-a0dc-5c3bd58a9ecd,"LINESTRING (56.1738916446 10.1821839595, 56.1793224096 10.1753382073)",1406867700,1.0,1.0,1.0,1.0
http://ict-citypulse.eu/SensorID-dd0e7e1e-ac83-4cb7-ba66-5bd5f9fb96c8,"LINESTRING (56.1406326712 10.1989185595, 56.1367388586 10.2077631804)",1406867700,1.0,1.0,1.0,1.0
http://ict-citypulse.eu/SensorID-dd0e7e1e-ac83-4cb7-ba66-5bd5f9fb96c8,"LINESTRING (56.1406326712 10.1989185595, 56.1367388586 10.2077631804)",1406867700,1.0,1.0,1.0,1.0
http://ict-citypulse.eu/SensorID-dd0e7e1e-ac83-4cb7-ba66-5bd5f9fb96c8,"LINESTRING (56.1406326712 10.1989185595, 56.1367388586 10.2077631804)",1406867700,1.0,1.0,1.0,1.0
http://ict-citypulse.eu/SensorID-d2bf98be-0756-4843-b978-cbfd8c33d75e,"LINESTRING (56.1098642989 10.1627288049, 56.1200411758 10.167441665)",1406869800,1.0,1.0,1.0,1.0
http://ict-citypulse.eu/SensorID-d2bf98be-0756-4843-b978-cbfd8c33d75e,"LINESTRING (56.1098642989 10.1627288049, 56.1200411758 10.167441665)",1406869800,1.0,1.0,1.0,1.0
http://ict-citypulse.eu/SensorID-d2bf98be-0756-4843-b978-cbfd8c33d75e,"LINESTRING (56.1098642989 10.1627288049, 56.1200411758 10.167441665)",1406869800,1.0,1.0,1.0,1.0
http://ict-citypulse.eu/SensorID-ee03f9aa-82a4-4a8f-89f2-7a9d1ea40c09,"LINESTRING (56.2010300802 10.1690787804, 56.2049938543 10.1792654227)",1406868000,1.0,1.0,1.0,1.0
http://ict-citypulse.eu/SensorID-ee03f9aa-82a4-4a8f-89f2-7a9d1ea40c09,"LINESTRING (56.2010300802 10.1690787804, 56.2049938543 10.1792654227)",1406868000,1.0,1.0,1.0,1.0
http://ict-citypulse.eu/SensorID-ee03f9aa-82a4-4a8f-89f2-7a9d1ea40c09,"LINESTRING (56.2010300802 10.1690787804, 56.2049938543 10.1792654227)",1406868000,1.0,1.0,1.0,1.0
http://ict-citypulse.eu/SensorID-c5ed7210-12bc-46b2-85b7-3783b314c545,"LINESTRING (56.2041725821 10.1754069497, 56.2107562422 10.1731616147)",1406868300,1.0,1.0,1.0,1.0
http://ict-citypulse.eu/SensorID-c5ed7210-12bc-46b2-85b7-3783b314c545,"LINESTRING (56.2041725821 10.1754069497, 56.2107562422 10.1731616147)",1406868300,1.0,1.0,1.0,1.0
http://ict-citypulse.eu/SensorID-c5ed7210-12bc-46b2-85b7-3783b314c545,"LINESTRING (56.2041725821 10.1754069497, 56.2107562422 10.1731616147)",1406868300,1.0,1.0,1.0,1.0
http://ict-citypulse.eu/SensorID-965d9bb4-3f3c-4546-a57a-6fd37cacb5d8,"LINESTRING (56.184614781 10.1958043436, 56.1832442319 10.2007906442)",1406867700,1.0,1.0,1.0,1.0
http://ict-citypulse.eu/SensorID-965d9bb4-3f3c-4546-a57a-6fd37cacb5d8,"LINESTRING (56.184614781 10.1958043436, 56.1832442319 10.2007906442)",1406867700,1.0,1.0,1.0,1.0
http://ict-citypulse.eu/SensorID-965d9bb4-3f3c-4546-a57a-6fd37cacb5d8,"LINESTRING (56.184614781 10.1958043436, 56.1832442319 10.2007906442)",1406867700,1.0,1.0,1.0,1.0
http://ict-citypulse.eu/SensorID-5e8dc1e5-f63d-4c2d-aaea-6231b940b781,"LINESTRING (56.1610178151 10.2119760822, 56.1615972691 10.2153896958)",1406867700,1.0,1.0,1.0,1.0
http://ict-citypulse.eu/SensorID-5e8dc1e5-f63d-4c2d-aaea-6231b940b781,"LINESTRING (56.1610178151 10.2119760822, 56.1615972691 10.2153896958)",1406867700,1.0,1.0,1.0,1.0
http://ict-citypulse.eu/SensorID-5e8dc1e5-f63d-4c2d-aaea-6231b940b781,"LINESTRING (56.1610178151 10.2119760822, 56.1615972691 10.2153896958)",1406867700,1.0,1.0,1.0,1.0
http://ict-citypulse.eu/SensorID-d413904f-812c-4b9f-80b7-b5698a064d61,"LINESTRING (56.1258295836 10.1577090172, 56.1191961618 10.1428593644)",1406867700,1.0,1.0,1.0,1.0
http://ict-citypulse.eu/SensorID-d413904f-812c-4b9f-80b7-b5698a064d61,"LINESTRING (56.1258295836 10.1577090172, 56.1191961618 10.1428593644)",1406867700,1.0,1.0,1.0,1.0
http://ict-citypulse.eu/SensorID-d413904f-812c-4b9f-80b7-b5698a064d61,"LINESTRING (56.1258295836 10.1577090172, 56.1191961618 10.1428593644)",1406867700,1.0,1.0,1.0,1.0
http://ict-citypulse.eu/SensorID-e9f28bcf-4144-44cc-8557-91e1f6f8cbd9,"LINESTRING (56.1404960894 10.154132957, 56.1319902418 10.157454995)",1406868300,1.0,1.0,1.0,1.0
http://ict-citypulse.eu/SensorID-e9f28bcf-4144-44cc-8557-91e1f6f8cbd9,"LINESTRING (56.1404960894 10.154132957, 56.1319902418 10.157454995)",1406868300,1.0,1.0,1.0,1.0
http://ict-citypulse.eu/SensorID-e9f28bcf-4144-44cc-8557-91e1f6f8cbd9,"LINESTRING (56.1404960894 10.154132957, 56.1319902418 10.157454995)",1406868300,1.0,1.0,1.0,1.0
http://ict-citypulse.eu/SensorID-55984b28-5399-4c59-9bdf-64ac7639c746,"LINESTRING (56.1257436219 10.1578806786, 56.1320320946 10.1576588429)",1406867400,1.0,1.0,1.0,1.0
http://ict-citypulse.eu/SensorID-55984b28-5399-4c59-9bdf-64ac7639c746,"LINESTRING (56.1257436219 10.1578806786, 56.1320320946 10.1576588429)",1406867400,1.0,1.0,1.0,1.0
http://ict-citypulse.eu/SensorID-55984b28-5399-4c59-9bdf-64ac7639c746,"LINESTRING (56.1257436219 10.1578806786, 56.1320320946 10.1576588429)",1406867400,1.0,1.0,1.0,1.0
http://ict-citypulse.eu/SensorID-e645cf63-f7a3-4c12-9a19-3a8aedae7d0a,"LINESTRING (56.2049938543 10.1792654227, 56.2102373869 10.2133329301)",1406867700,1.0,1.0,1.0,1.0
http://ict-citypulse.eu/SensorID-e645cf63-f7a3-4c12-9a19-3a8aedae7d0a,"LINESTRING (56.2049938543 10.1792654227, 56.2102373869 10.2133329301)",1406867700,1.0,1.0,1.0,1.0
http://ict-citypulse.eu/SensorID-e645cf63-f7a3-4c12-9a19-3a8aedae7d0a,"LINESTRING (56.2049938543 10.1792654227, 56.2102373869 10.2133329301)",1406867700,1.0,1.0,1.0,1.0
http://ict-citypulse.eu/SensorID-4cde40d2-f085-4c02-9134-f6ed9bb66435,"LINESTRING (56.1694504681 10.1943387141, 56.1639694092 10.1858444049)",1406868000,1.0,1.0,1.0,1.0
http://ict-citypulse.eu/SensorID-3cc15c1c-b937-48c6-8669-73e95423b054,"LINESTRING (56.139477888 10.1866648307, 56.1418359681 10.192906038)",1406868000,1.0,1.0,1.0,1.0
http://ict-citypulse.eu/SensorID-4cde40d2-f085-4c02-9134-f6ed9bb66435,"LINESTRING (56.1694504681 10.1943387141, 56.1639694092 10.1858444049)",1406868000,1.0,1.0,1.0,1.0
http://ict-citypulse.eu/SensorID-3cc15c1c-b937-48c6-8669-73e95423b054,"LINESTRING (56.139477888 10.1866648307, 56.1418359681 10.192906038)",1406868000,1.0,1.0,1.0,1.0
http://ict-citypulse.eu/SensorID-4cde40d2-f085-4c02-9134-f6ed9bb66435,"LINESTRING (56.1694504681 10.1943387141, 56.1639694092 10.1858444049)",1406868000,1.0,1.0,1.0,1.0
http://ict-citypulse.eu/SensorID-3cc15c1c-b937-48c6-8669-73e95423b054,"LINESTRING (56.139477888 10.1866648307, 56.1418359681 10.192906038)",1406868000,1.0,1.0,1.0,1.0
http://ict-citypulse.eu/SensorID-a6edb001-a445-4fdb-904e-673518ac7af2,"LINESTRING (56.118145 10.1481310675, 56.1200411758 10.167441665)",1406867700,1.0,1.0,1.0,1.0
http://ict-citypulse.eu/SensorID-a6edb001-a445-4fdb-904e-673518ac7af2,"LINESTRING (56.118145 10.1481310675, 56.1200411758 10.167441665)",1406867700,1.0,1.0,1.0,1.0
http://ict-citypulse.eu/SensorID-a6edb001-a445-4fdb-904e-673518ac7af2,"LINESTRING (56.118145 10.1481310675, 56.1200411758 10.167441665)",1406867700,1.0,1.0,1.0,1.0
http://ict-citypulse.eu/SensorID-8af6b8ed-879c-4a1e-9625-587ab6aa4592,"LINESTRING (56.0855852379 10.1241261515, 56.1009726093 10.1405799964)",1406867400,1.0,1.0,1.0,1.0
http://ict-citypulse.eu/SensorID-8af6b8ed-879c-4a1e-9625-587ab6aa4592,"LINESTRING (56.0855852379 10.1241261515, 56.1009726093 10.1405799964)",1406867400,1.0,1.0,1.0,1.0
http://ict-citypulse.eu/SensorID-eedfdbba-050f-4a1e-a138-418d9bd01bda,"LINESTRING (56.1425875922 10.186756881, 56.1384485158 10.1791506012)",1406867700,1.0,1.0,1.0,1.0
http://ict-citypulse.eu/SensorID-8af6b8ed-879c-4a1e-9625-587ab6aa4592,"LINESTRING (56.0855852379 10.1241261515, 56.1009726093 10.1405799964)",1406867400,1.0,1.0,1.0,1.0
http://ict-citypulse.eu/SensorID-eedfdbba-050f-4a1e-a138-418d9bd01bda,"LINESTRING (56.1425875922 10.186756881, 56.1384485158 10.1791506012)",1406867700,1.0,1.0,1.0,1.0
http://ict-citypulse.eu/SensorID-eedfdbba-050f-4a1e-a138-418d9bd01bda,"LINESTRING (56.1425875922 10.186756881, 56.1384485158 10.1791506012)",1406867700,1.0,1.0,1.0,1.0
http://ict-citypulse.eu/SensorID-913eb822-3484-4b26-8d8a-537374d8e03c,"LINESTRING (56.1417522837 10.1927236478, 56.1406326712 10.1989185595)",1406867400,1.0,1.0,1.0,1.0
http://ict-citypulse.eu/SensorID-913eb822-3484-4b26-8d8a-537374d8e03c,"LINESTRING (56.1417522837 10.1927236478, 56.1406326712 10.1989185595)",1406867400,1.0,1.0,1.0,1.0
http://ict-citypulse.eu/SensorID-913eb822-3484-4b26-8d8a-537374d8e03c,"LINESTRING (56.1417522837 10.1927236478, 56.1406326712 10.1989185595)",1406867400,1.0,1.0,1.0,1.0
http://ict-citypulse.eu/SensorID-75907fa0-ea13-401d-8888-9881ef57d2ba,"LINESTRING (56.1384485158 10.1791506012, 56.1324104631 10.1746774785)",1406867400,1.0,1.0,1.0,1.0
http://ict-citypulse.eu/SensorID-75907fa0-ea13-401d-8888-9881ef57d2ba,"LINESTRING (56.1384485158 10.1791506012, 56.1324104631 10.1746774785)",1406867400,1.0,1.0,1.0,1.0
http://ict-citypulse.eu/SensorID-75907fa0-ea13-401d-8888-9881ef57d2ba,"LINESTRING (56.1384485158 10.1791506012, 56.1324104631 10.1746774785)",1406867400,1.0,1.0,1.0,1.0
http://ict-citypulse.eu/SensorID-2ccf619d-5fb5-4b07-bf1f-cc15abe9d701,"LINESTRING (56.1481584237 10.1496946012, 56.1477407419 10.1580607288)",1406867400,1.0,1.0,1.0,1.0
http://ict-citypulse.eu/SensorID-c058ffee-553c-420d-a64e-e1fb58285b7c,"LINESTRING (56.1345849586 10.1899807116, 56.1417522837 10.1927236478)",1406868000,1.0,1.0,1.0,1.0
http://ict-citypulse.eu/SensorID-c058ffee-553c-420d-a64e-e1fb58285b7c,"LINESTRING (56.1345849586 10.1899807116, 56.1417522837 10.1927236478)",1406868000,1.0,1.0,1.0,1.0
http://ict-citypulse.eu/SensorID-c058ffee-553c-420d-a64e-e1fb58285b7c,"LINESTRING (56.1345849586 10.1899807116, 56.1417522837 10.1927236478)",1406868000,1.0,1.0,1.0,1.0
http://ict-citypulse.eu/SensorID-2ccf619d-5fb5-4b07-bf1f-cc15abe9d701,"LINESTRING (56.1481584237 10.1496946012, 56.1477407419 10.1580607288)",1406867400,1.0,1.0,1.0,1.0
http://ict-citypulse.eu/SensorID-2ccf619d-5fb5-4b07-bf1f-cc15abe9d701,"LINESTRING (56.1481584237 10.1496946012, 56.1477407419 10.1580607288)",1406867400,1.0,1.0,1.0,1.0
http://ict-citypulse.eu/SensorID-c1e4e693-9ba7-4798-a424-b987f0129827,"LINESTRING (56.1050695295 10.2069274368, 56.0992684243 10.2090203902)",1406867700,1.0,1.0,1.0,1.0
http://ict-citypulse.eu/SensorID-c1e4e693-9ba7-4798-a424-b987f0129827,"LINESTRING (56.1050695295 10.2069274368, 56.0992684243 10.2090203902)",1406867700,1.0,1.0,1.0,1.0
http://ict-citypulse.eu/SensorID-c1e4e693-9ba7-4798-a424-b987f0129827,"LINESTRING (56.1050695295 10.2069274368, 56.0992684243 10.2090203902)",1406867700,1.0,1.0,1.0,1.0
http://ict-citypulse.eu/SensorID-5293975b-3b27-494c-8a50-3938835ecdf1,"LINESTRING (56.1627072781 10.1391168135, 56.1625430478 10.1259125804)",1406867700,1.0,1.0,1.0,1.0
http://ict-citypulse.eu/SensorID-5293975b-3b27-494c-8a50-3938835ecdf1,"LINESTRING (56.1627072781 10.1391168135, 56.1625430478 10.1259125804)",1406867700,1.0,1.0,1.0,1.0
http://ict-citypulse.eu/SensorID-5293975b-3b27-494c-8a50-3938835ecdf1,"LINESTRING (56.1627072781 10.1391168135, 56.1625430478 10.1259125804)",1406867700,1.0,1.0,1.0,1.0
http://ict-citypulse.eu/SensorID-7b6262f0-7026-4cb0-9c0e-f1fabc5d9e85,"LINESTRING (56.1310539629 10.1661630503, 56.1320320946 10.1576588429)",1406867700,1.0,1.0,1.0,1.0
http://ict-citypulse.eu/SensorID-7b6262f0-7026-4cb0-9c0e-f1fabc5d9e85,"LINESTRING (56.1310539629 10.1661630503, 56.1320320946 10.1576588429)",1406867700,1.0,1.0,1.0,1.0
http://ict-citypulse.eu/SensorID-5b3e2489-ef93-4835-bea0-5259334a81c6,"LINESTRING (56.1367388586 10.2077631804, 56.1418234962 10.2043703079)",1406868300,1.0,1.0,1.0,1.0
http://ict-citypulse.eu/SensorID-7b6262f0-7026-4cb0-9c0e-f1fabc5d9e85,"LINESTRING (56.1310539629 10.1661630503, 56.1320320946 10.1576588429)",1406867700,1.0,1.0,1.0,1.0
http://ict-citypulse.eu/SensorID-5b3e2489-ef93-4835-bea0-5259334a81c6,"LINESTRING (56.1367388586 10.2077631804, 56.1418234962 10.2043703079)",1406868300,1.0,1.0,1.0,1.0
http://ict-citypulse.eu/SensorID-5b3e2489-ef93-4835-bea0-5259334a81c6,"LINESTRING (56.1367388586 10.2077631804, 56.1418234962 10.2043703079)",1406868300,1.0,1.0,1.0,1.0
http://ict-citypulse.eu/SensorID-1c8c4176-3efa-4204-9d21-39f66bd8066a,"LINESTRING (56.110250822 10.1537148221, 56.1200411758 10.167441665)",1406867700,1.0,1.0,1.0,1.0
http://ict-citypulse.eu/SensorID-1c8c4176-3efa-4204-9d21-39f66bd8066a,"LINESTRING (56.110250822 10.1537148221, 56.1200411758 10.167441665)",1406867700,1.0,1.0,1.0,1.0
http://ict-citypulse.eu/SensorID-1c8c4176-3efa-4204-9d21-39f66bd8066a,"LINESTRING (56.110250822 10.1537148221, 56.1200411758 10.167441665)",1406867700,1.0,1.0,1.0,1.0
http://ict-citypulse.eu/SensorID-de2c13c9-9ebc-4f2e-90ea-fe2c11c1c7bc,"LINESTRING (56.1048021344 10.1988040847, 56.1050695295 10.2069274368)",1406867700,1.0,1.0,1.0,1.0
http://ict-citypulse.eu/SensorID-de2c13c9-9ebc-4f2e-90ea-fe2c11c1c7bc,"LINESTRING (56.1048021344 10.1988040847, 56.1050695295 10.2069274368)",1406867700,1.0,1.0,1.0,1.0
http://ict-citypulse.eu/SensorID-de2c13c9-9ebc-4f2e-90ea-fe2c11c1c7bc,"LINESTRING (56.1048021344 10.1988040847, 56.1050695295 10.2069274368)",1406867700,1.0,1.0,1.0,1.0
http://ict-citypulse.eu/SensorID-eab2513d-9194-40cb-a1fb-da2bbc2d7708,"LINESTRING (56.1549969139 10.1828416111, 56.1589844937 10.1829441706)",1406869200,1.0,1.0,1.0,1.0
http://ict-citypulse.eu/SensorID-eab2513d-9194-40cb-a1fb-da2bbc2d7708,"LINESTRING (56.1549969139 10.1828416111, 56.1589844937 10.1829441706)",1406869200,1.0,1.0,1.0,1.0
http://ict-citypulse.eu/SensorID-eab2513d-9194-40cb-a1fb-da2bbc2d7708,"LINESTRING (56.1549969139 10.1828416111, 56.1589844937 10.1829441706)",1406869200,1.0,1.0,1.0,1.0
http://ict-citypulse.eu/SensorID-a8a75b7c-2a0e-4758-988b-395b42e85a8b,"LINESTRING (56.213990751 10.1450733056, 56.2174064411 10.1070275903)",1406867400,1.0,1.0,1.0,1.0
http://ict-citypulse.eu/SensorID-a8a75b7c-2a0e-4758-988b-395b42e85a8b,"LINESTRING (56.213990751 10.1450733056, 56.2174064411 10.1070275903)",1406867400,1.0,1.0,1.0,1.0
http://ict-citypulse.eu/SensorID-a8a75b7c-2a0e-4758-988b-395b42e85a8b,"LINESTRING (56.213990751 10.1450733056, 56.2174064411 10.1070275903)",1406867400,1.0,1.0,1.0,1.0
http://ict-citypulse.eu/SensorID-ffa6951f-c36b-49b8-bc84-c68a90af9d48,"LINESTRING (56.1645988718 10.1099842712, 56.1671893344 10.0936124982)",1406869200,1.0,1.0,1.0,1.0
http://ict-citypulse.eu/SensorID-ffa6951f-c36b-49b8-bc84-c68a90af9d48,"LINESTRING (56.1645988718 10.1099842712, 56.1671893344 10.0936124982)",1406869200,1.0,1.0,1.0,1.0
http://ict-citypulse.eu/SensorID-ffa6951f-c36b-49b8-bc84-c68a90af9d48,"LINESTRING (56.1645988718 10.1099842712, 56.1671893344 10.0936124982)",1406869200,1.0,1.0,1.0,1.0
http://ict-citypulse.eu/SensorID-7040eaae-b407-4ea7-ad9a-fd1d055452c0,"LINESTRING (56.1190615897 10.1430363902, 56.1257436219 10.1578806786)",1406867700,1.0,1.0,1.0,1.0
http://ict-citypulse.eu/SensorID-7040eaae-b407-4ea7-ad9a-fd1d055452c0,"LINESTRING (56.1190615897 10.1430363902, 56.1257436219 10.1578806786)",1406867700,1.0,1.0,1.0,1.0
http://ict-citypulse.eu/SensorID-7040eaae-b407-4ea7-ad9a-fd1d055452c0,"LINESTRING (56.1190615897 10.1430363902, 56.1257436219 10.1578806786)",1406867700,1.0,1.0,1.0,1.0
http://ict-citypulse.eu/SensorID-275c5dd7-cdd0-4e20-a6b5-122ea6fdc213,"LINESTRING (56.2025111722 10.2507861399, 56.2091396303 10.2466425276)",1406867400,1.0,1.0,1.0,1.0
http://ict-citypulse.eu/SensorID-275c5dd7-cdd0-4e20-a6b5-122ea6fdc213,"LINESTRING (56.2025111722 10.2507861399, 56.2091396303 10.2466425276)",1406867400,1.0,1.0,1.0,1.0
http://ict-citypulse.eu/SensorID-275c5dd7-cdd0-4e20-a6b5-122ea6fdc213,"LINESTRING (56.2025111722 10.2507861399, 56.2091396303 10.2466425276)",1406867400,1.0,1.0,1.0,1.0
http://ict-citypulse.eu/SensorID-daa373f0-d62c-4202-98ca-0d9cc33a2c20,"LINESTRING (56.1723512066 10.2092757669, 56.1740542343 10.2134844663)",1406867700,1.0,1.0,1.0,1.0
http://ict-citypulse.eu/SensorID-daa373f0-d62c-4202-98ca-0d9cc33a2c20,"LINESTRING (56.1723512066 10.2092757669, 56.1740542343 10.2134844663)",1406867700,1.0,1.0,1.0,1.0
http://ict-citypulse.eu/SensorID-daa373f0-d62c-4202-98ca-0d9cc33a2c20,"LINESTRING (56.1723512066 10.2092757669, 56.1740542343 10.2134844663)",1406867700,1.0,1.0,1.0,1.0
http://ict-citypulse.eu/SensorID-d3ca3ccf-85b3-4d8e-8113-92d834839983,"LINESTRING (56.1623692877 10.1783355976, 56.158983 10.1826598565)",1406868000,1.0,1.0,1.0,1.0
http://ict-citypulse.eu/SensorID-d3ca3ccf-85b3-4d8e-8113-92d834839983,"LINESTRING (56.1623692877 10.1783355976, 56.158983 10.1826598565)",1406868000,1.0,1.0,1.0,1.0
http://ict-citypulse.eu/SensorID-d3ca3ccf-85b3-4d8e-8113-92d834839983,"LINESTRING (56.1623692877 10.1783355976, 56.158983 10.1826598565)",1406868000,1.0,1.0,1.0,1.0
http://ict-citypulse.eu/SensorID-b7b1244e-2adb-43bb-b834-40af7a79c5e5,"LINESTRING (56.1524475205 10.0647346356, 56.1546920982 10.0728908049)",1406868000,1.0,1.0,1.0,1.0
http://ict-citypulse.eu/SensorID-b7b1244e-2adb-43bb-b834-40af7a79c5e5,"LINESTRING (56.1524475205 10.0647346356, 56.1546920982 10.0728908049)",1406868000,1.0,1.0,1.0,1.0
http://ict-citypulse.eu/SensorID-b7b1244e-2adb-43bb-b834-40af7a79c5e5,"LINESTRING (56.1524475205 10.0647346356, 56.1546920982 10.0728908049)",1406868000,1.0,1.0,1.0,1.0
http://ict-citypulse.eu/SensorID-ee25cac9-82d7-491c-bbe7-87cadc795559,"LINESTRING (56.2102373869 10.2133329301, 56.2049938543 10.1792654227)",1406867700,1.0,1.0,1.0,1.0
http://ict-citypulse.eu/SensorID-ee25cac9-82d7-491c-bbe7-87cadc795559,"LINESTRING (56.2102373869 10.2133329301, 56.2049938543 10.1792654227)",1406867700,1.0,1.0,1.0,1.0
http://ict-citypulse.eu/SensorID-ee25cac9-82d7-491c-bbe7-87cadc795559,"LINESTRING (56.2102373869 10.2133329301, 56.2049938543 10.1792654227)",1406867700,1.0,1.0,1.0,1.0
http://ict-citypulse.eu/SensorID-66140473-f2ee-4da0-bc39-3bc4967ffb95,"LINESTRING (56.1708867989 10.1495479184, 56.1679881488 10.1513876772)",1406868300,1.0,1.0,1.0,1.0
http://ict-citypulse.eu/SensorID-66140473-f2ee-4da0-bc39-3bc4967ffb95,"LINESTRING (56.1708867989 10.1495479184, 56.1679881488 10.1513876772)",1406868300,1.0,1.0,1.0,1.0
http://ict-citypulse.eu/SensorID-66140473-f2ee-4da0-bc39-3bc4967ffb95,"LINESTRING (56.1708867989 10.1495479184, 56.1679881488 10.1513876772)",1406868300,1.0,1.0,1.0,1.0
http://ict-citypulse.eu/SensorID-4384db3f-db5c-4e5b-b8b1-cfac25bea36d,"LINESTRING (56.1200411758 10.167441665, 56.1243783274 10.1800560172)",1406867400,1.0,1.0,1.0,1.0
http://ict-citypulse.eu/SensorID-4384db3f-db5c-4e5b-b8b1-cfac25bea36d,"LINESTRING (56.1200411758 10.167441665, 56.1243783274 10.1800560172)",1406867400,1.0,1.0,1.0,1.0
http://ict-citypulse.eu/SensorID-4384db3f-db5c-4e5b-b8b1-cfac25bea36d,"LINESTRING (56.1200411758 10.167441665, 56.1243783274 10.1800560172)",1406867400,1.0,1.0,1.0,1.0
http://ict-citypulse.eu/SensorID-7276ff1b-9433-43db-8234-8ca02d1b9c8d,"LINESTRING (56.1760387549 10.20161666, 56.1681376002 10.2069085448)",1406868300,1.0,1.0,1.0,1.0
http://ict-citypulse.eu/SensorID-affeb739-c538-416a-af3f-17526930cf39,"LINESTRING (56.1610768129 10.2121812712, 56.1681667203 10.2070600896)",1406867700,1.0,1.0,1.0,1.0
http://ict-citypulse.eu/SensorID-7276ff1b-9433-43db-8234-8ca02d1b9c8d,"LINESTRING (56.1760387549 10.20161666, 56.1681376002 10.2069085448)",1406868300,1.0,1.0,1.0,1.0
http://ict-citypulse.eu/SensorID-affeb739-c538-416a-af3f-17526930cf39,"LINESTRING (56.1610768129 10.2121812712, 56.1681667203 10.2070600896)",1406867700,1.0,1.0,1.0,1.0
http://ict-citypulse.eu/SensorID-7276ff1b-9433-43db-8234-8ca02d1b9c8d,"LINESTRING (56.1760387549 10.20161666, 56.1681376002 10.2069085448)",1406868300,1.0,1.0,1.0,1.0
http://ict-citypulse.eu/SensorID-affeb739-c538-416a-af3f-17526930cf39,"LINESTRING (56.1610768129 10.2121812712, 56.1681667203 10.2070600896)",1406867700,1.0,1.0,1.0,1.0
http://ict-citypulse.eu/SensorID-d406b656-bc3e-452f-8173-eaf676e6b2d4,"LINESTRING (56.2041725821 10.1754069497, 56.2086970425 10.1611865773)",1406867400,1.0,1.0,1.0,1.0
http://ict-citypulse.eu/SensorID-d406b656-bc3e-452f-8173-eaf676e6b2d4,"LINESTRING (56.2041725821 10.1754069497, 56.2086970425 10.1611865773)",1406867400,1.0,1.0,1.0,1.0
http://ict-citypulse.eu/SensorID-d406b656-bc3e-452f-8173-eaf676e6b2d4,"LINESTRING (56.2041725821 10.1754069497, 56.2086970425 10.1611865773)",1406867400,1.0,1.0,1.0,1.0
http://ict-citypulse.eu/SensorID-d9feacae-21bf-4aee-b7e9-622f388c038a,"LINESTRING (56.1425188528 10.1868802626, 56.1457221852 10.1869446944)",1406867700,1.0,1.0,1.0,1.0
http://ict-citypulse.eu/SensorID-d9feacae-21bf-4aee-b7e9-622f388c038a,"LINESTRING (56.1425188528 10.1868802626, 56.1457221852 10.1869446944)",1406867700,1.0,1.0,1.0,1.0
http://ict-citypulse.eu/SensorID-d9feacae-21bf-4aee-b7e9-622f388c038a,"LINESTRING (56.1425188528 10.1868802626, 56.1457221852 10.1869446944)",1406867700,1.0,1.0,1.0,1.0
http://ict-citypulse.eu/SensorID-71ac1ae5-ab79-4be7-b2d3-5453f8b935da,"LINESTRING (56.1319902418 10.157454995, 56.1258295836 10.1577090172)",1406868300,1.0,1.0,1.0,1.0
http://ict-citypulse.eu/SensorID-71ac1ae5-ab79-4be7-b2d3-5453f8b935da,"LINESTRING (56.1319902418 10.157454995, 56.1258295836 10.1577090172)",1406868300,1.0,1.0,1.0,1.0
http://ict-citypulse.eu/SensorID-71ac1ae5-ab79-4be7-b2d3-5453f8b935da,"LINESTRING (56.1319902418 10.157454995, 56.1258295836 10.1577090172)",1406868300,1.0,1.0,1.0,1.0
http://ict-citypulse.eu/SensorID-6a277442-3db5-4a71-b58e-c42021e385f3,"LINESTRING (56.1895938823 10.0766646098, 56.1854628217 10.0963448515)",1406867700,1.0,1.0,1.0,1.0
http://ict-citypulse.eu/SensorID-6a277442-3db5-4a71-b58e-c42021e385f3,"LINESTRING (56.1895938823 10.0766646098, 56.1854628217 10.0963448515)",1406867700,1.0,1.0,1.0,1.0
http://ict-citypulse.eu/SensorID-5dcdbf92-21d7-476d-8f39-5c83766aaaa2,"LINESTRING (56.1594187093 10.1877637607, 56.162446953 10.1783959473)",1406868000,1.0,1.0,1.0,1.0
http://ict-citypulse.eu/SensorID-5dcdbf92-21d7-476d-8f39-5c83766aaaa2,"LINESTRING (56.1594187093 10.1877637607, 56.162446953 10.1783959473)",1406868000,1.0,1.0,1.0,1.0
http://ict-citypulse.eu/SensorID-6a277442-3db5-4a71-b58e-c42021e385f3,"LINESTRING (56.1895938823 10.0766646098, 56.1854628217 10.0963448515)",1406867700,1.0,1.0,1.0,1.0
http://ict-citypulse.eu/SensorID-5dcdbf92-21d7-476d-8f39-5c83766aaaa2,"LINESTRING (56.1594187093 10.1877637607, 56.162446953 10.1783959473)",1406868000,1.0,1.0,1.0,1.0
http://ict-citypulse.eu/SensorID-a7b745e9-9bf6-40d2-94a7-aa7a342955ec,"LINESTRING (56.1691480281 10.1610627116, 56.1679881488 10.1513876772)",1406867400,1.0,1.0,1.0,1.0
http://ict-citypulse.eu/SensorID-a7b745e9-9bf6-40d2-94a7-aa7a342955ec,"LINESTRING (56.1691480281 10.1610627116, 56.1679881488 10.1513876772)",1406867400,1.0,1.0,1.0,1.0
http://ict-citypulse.eu/SensorID-a7b745e9-9bf6-40d2-94a7-aa7a342955ec,"LINESTRING (56.1691480281 10.1610627116, 56.1679881488 10.1513876772)",1406867400,1.0,1.0,1.0,1.0
http://ict-citypulse.eu/SensorID-3aeeab0c-814c-4ecd-8fcf-eedc3d37ff0c,"LINESTRING (56.184659562 10.1960484246, 56.1895813148 10.1911199276)",1406867700,1.0,1.0,1.0,1.0
http://ict-citypulse.eu/SensorID-3aeeab0c-814c-4ecd-8fcf-eedc3d37ff0c,"LINESTRING (56.184659562 10.1960484246, 56.1895813148 10.1911199276)",1406867700,1.0,1.0,1.0,1.0
http://ict-citypulse.eu/SensorID-befbad57-7f7a-4822-a66b-de2fa8971b09,"LINESTRING (56.1456385093 10.1867623042, 56.1345849586 10.18985733)",1406867700,1.0,1.0,1.0,1.0
http://ict-citypulse.eu/SensorID-3aeeab0c-814c-4ecd-8fcf-eedc3d37ff0c,"LINESTRING (56.184659562 10.1960484246, 56.1895813148 10.1911199276)",1406867700,1.0,1.0,1.0,1.0
http://ict-citypulse.eu/SensorID-befbad57-7f7a-4822-a66b-de2fa8971b09,"LINESTRING (56.1456385093 10.1867623042, 56.1345849586 10.18985733)",1406867700,1.0,1.0,1.0,1.0
http://ict-citypulse.eu/SensorID-befbad57-7f7a-4822-a66b-de2fa8971b09,"LINESTRING (56.1456385093 10.1867623042, 56.1345849586 10.18985733)",1406867700,1.0,1.0,1.0,1.0
http://ict-citypulse.eu/SensorID-7b3961c2-2785-4cb8-af3c-369c6c24985c,"LINESTRING (56.179415497 10.1301538049, 56.1826372867 10.1135314405)",1406867700,1.0,1.0,1.0,1.0
http://ict-citypulse.eu/SensorID-7b3961c2-2785-4cb8-af3c-369c6c24985c,"LINESTRING (56.179415497 10.1301538049, 56.1826372867 10.1135314405)",1406867700,1.0,1.0,1.0,1.0
http://ict-citypulse.eu/SensorID-9f5c2d2b-6d82-4e4a-b60b-9864f913740c,"LINESTRING (56.1784025353 10.1208416908, 56.1694546141 10.1196687583)",1406867700,1.0,1.0,1.0,1.0
http://ict-citypulse.eu/SensorID-3fb8f4ef-1b58-448a-a0dc-085df19fb929,"LINESTRING (56.20391 10.175128, 56.1992021888 10.1822382196)",1406867700,1.0,1.0,1.0,1.0
http://ict-citypulse.eu/SensorID-9f5c2d2b-6d82-4e4a-b60b-9864f913740c,"LINESTRING (56.1784025353 10.1208416908, 56.1694546141 10.1196687583)",1406867700,1.0,1.0,1.0,1.0
http://ict-citypulse.eu/SensorID-3fb8f4ef-1b58-448a-a0dc-085df19fb929,"LINESTRING (56.20391 10.175128, 56.1992021888 10.1822382196)",1406867700,1.0,1.0,1.0,1.0
http://ict-citypulse.eu/SensorID-3fb8f4ef-1b58-448a-a0dc-085df19fb929,"LINESTRING (56.20391 10.175128, 56.1992021888 10.1822382196)",1406867700,1.0,1.0,1.0,1.0
http://ict-citypulse.eu/SensorID-9f5c2d2b-6d82-4e4a-b60b-9864f913740c,"LINESTRING (56.1784025353 10.1208416908, 56.1694546141 10.1196687583)",1406867700,1.0,1.0,1.0,1.0
http://ict-citypulse.eu/SensorID-7e0b872b-e0ee-4842-8974-f39dce7160c0,"LINESTRING (56.1559141105 10.1761335423, 56.1546101382 10.1574402245)",1406867400,1.0,1.0,1.0,1.0
http://ict-citypulse.eu/SensorID-5b5e53ac-8bf8-4331-8556-887dd162e8e1,"LINESTRING (56.1903874453 10.2231107755, 56.187071256 10.2123413558)",1406868000,1.0,1.0,1.0,1.0
http://ict-citypulse.eu/SensorID-3abfb06a-7c58-45a6-9f63-0becdc29912f,"LINESTRING (56.1596224051 10.0772234749, 56.1671893344 10.0936124982)",1406867400,1.0,1.0,1.0,1.0
http://ict-citypulse.eu/SensorID-7e0b872b-e0ee-4842-8974-f39dce7160c0,"LINESTRING (56.1559141105 10.1761335423, 56.1546101382 10.1574402245)",1406867400,1.0,1.0,1.0,1.0
http://ict-citypulse.eu/SensorID-3abfb06a-7c58-45a6-9f63-0becdc29912f,"LINESTRING (56.1596224051 10.0772234749, 56.1671893344 10.0936124982)",1406867400,1.0,1.0,1.0,1.0
http://ict-citypulse.eu/SensorID-5b5e53ac-8bf8-4331-8556-887dd162e8e1,"LINESTRING (56.1903874453 10.2231107755, 56.187071256 10.2123413558)",1406868000,1.0,1.0,1.0,1.0
http://ict-citypulse.eu/SensorID-3abfb06a-7c58-45a6-9f63-0becdc29912f,"LINESTRING (56.1596224051 10.0772234749, 56.1671893344 10.0936124982)",1406867400,1.0,1.0,1.0,1.0
http://ict-citypulse.eu/SensorID-5b5e53ac-8bf8-4331-8556-887dd162e8e1,"LINESTRING (56.1903874453 10.2231107755, 56.187071256 10.2123413558)",1406868000,1.0,1.0,1.0,1.0
http://ict-citypulse.eu/SensorID-b69b31b3-c011-4311-83a9-09e80d29ccdd,"LINESTRING (56.110250822 10.1537148221, 56.1181988302 10.1483536908)",1406867400,1.0,1.0,1.0,1.0
http://ict-citypulse.eu/SensorID-b69b31b3-c011-4311-83a9-09e80d29ccdd,"LINESTRING (56.110250822 10.1537148221, 56.1181988302 10.1483536908)",1406867400,1.0,1.0,1.0,1.0
http://ict-citypulse.eu/SensorID-b69b31b3-c011-4311-83a9-09e80d29ccdd,"LINESTRING (56.110250822 10.1537148221, 56.1181988302 10.1483536908)",1406867400,1.0,1.0,1.0,1.0
http://ict-citypulse.eu/SensorID-7346abe3-e821-410c-b0b4-a607e109e58a,"LINESTRING (56.1190615897 10.1430363902, 56.1243042771 10.1416633816)",1406869200,1.0,1.0,1.0,1.0
http://ict-citypulse.eu/SensorID-2de746d0-7a4c-479f-ad66-4e87a8ea9195,"LINESTRING (56.2049620341 10.2594703619, 56.2091396303 10.2466425276)",1406867700,1.0,1.0,1.0,1.0
